-0.213369
-0.308020
-0.295855
-0.331784
-0.312759
-0.252230
-0.353933
-0.356490
-0.192905
-0.400368
-0.266755
-0.329574
-0.291013
-0.309538
-0.356048
-0.341115
-0.263416
-0.402881
-0.269649
-0.283456
-0.359223
-0.374134
-0.438669
-0.283908
-0.253191
-0.173910
-0.286557
-0.349437
-0.326928
-0.307534
-0.136473
-0.330993
-0.402678
-0.374314
-0.290903
-0.364003
-0.357774
-0.308674
-0.354479
-0.185671
-0.410181
-0.309220
-0.424216
-0.254119
-0.263090
-0.335719
-0.321819
-0.260522
-0.334180
-0.219516
-0.458982
-0.366955
-0.270751
-0.289552
-0.289760
-0.242392
-0.313251
-0.198165
-0.291009
-0.325163
-0.369256
-0.237157
-0.262601
-0.286182
-0.287968
-0.243925
-0.194353
-0.272200
-0.395665
-0.462528
-0.364175
-0.482396
-0.174353
-0.332493
-0.267118
-0.238929
-0.266785
-0.448678
-0.384670
-0.217777
-0.303663
-0.316340
-0.276282
-0.306416
-0.276282
-0.304165
-0.341180
-0.292592
-0.393104
-0.191723
-0.324304
-0.234528
-0.374924
-0.263758
-0.226699
-0.257628
-0.163164
-0.326540
-0.334128
-0.331330
-0.338000
-0.263457
-0.124804
-0.255048
-0.273102
-0.352527
-0.302482
-0.380488
-0.360398
-0.354363
-0.368165
-0.359992
-0.344294
-0.214376
-0.435087
-0.130159
-0.288108
-0.303463
-0.333086
-0.517363
-0.424785
-0.315960
-0.450659
-0.265243
-0.363797
-0.268543
-0.399860
-0.325078
-0.334284
-0.397802
-0.434239
-0.315698
-0.375966
-0.272914
-0.269560
-0.338371
-0.483279
-0.449352
-0.347997
-0.478740
-0.349146
-0.245760
-0.247606
-0.226212
0.081351
0.150718
0.095598
0.060549
0.104439
0.201412
0.187762
0.056267
0.103186
0.117689
0.187012
-0.035418
0.073374
0.166074
0.206787
0.172048
0.072669
0.201018
0.076774
0.230315
0.147274
0.036254
0.106846
0.186177
0.122981
0.147809
0.067789
0.098496
0.068337
0.099945
0.144467
0.138367
0.134739
0.108645
0.187299
-0.048236
0.189030
0.119162
0.097961
0.112920
0.086334
0.116413
0.276376
0.217604
0.046684
0.154370
0.041904
0.036027
0.078386
0.084697
0.102476
0.167912
0.111417
0.141510
0.173349
0.195735
0.041300
0.045598
0.067431
0.122625
0.089343
0.093103
0.137581
0.207815
0.136165
0.085843
0.099067
0.096218
0.134688
0.206640
0.126546
0.142779
0.051163
0.153788
0.055709
0.130129
-0.002073
0.102590
0.191751
0.168929
0.040835
0.021095
0.204242
0.127390
0.135235
0.223620
0.106857
0.093345
0.218390
0.215402
0.182782
0.213183
0.133498
0.305633
0.146212
-0.038383
0.096263
0.111433
0.106006
0.141226
0.161364
0.137306
0.132717
0.161622
0.211268
0.127176
0.030259
0.117018
0.036607
0.278266
0.111866
0.150654
0.221743
0.153090
0.024764
0.087885
0.029566
0.102853
0.097771
0.064994
0.065628
0.237674
0.107761
0.127025
0.071095
0.120169
0.061302
0.047287
0.238077
0.125233
0.113005
0.161007
0.158678
-0.094412
0.140665
0.107914
0.105103
0.205913
0.182974
0.030805
0.015125
0.105898
-0.069873
0.049602
0.252762
0.355314
0.441407
0.355149
0.410806
0.191063
0.310224
0.459501
0.241760
0.277962
0.304259
0.209702
0.287995
0.364479
0.388888
0.417475
0.168758
0.292827
0.341544
0.310662
0.273547
0.570690
0.373951
0.306039
0.234976
0.224696
0.271715
0.262281
0.502211
0.290208
0.398096
0.119671
0.469716
0.300639
0.441790
0.431260
0.288266
0.295778
0.256630
0.373532
0.386295
0.501400
0.153617
0.216192
0.208707
0.441871
0.365851
0.404631
0.277822
0.278949
0.382205
0.419692
0.304813
0.263570
0.287614
0.293648
0.363848
0.324118
0.396060
0.505900
0.219444
0.343476
0.430826
0.274460
0.251262
0.154710
0.216952
0.251618
0.290576
0.357138
0.330537
0.311463
0.332158
0.198176
0.294970
0.343361
0.340042
0.260510
0.346167
0.255685
0.210855
0.306992
0.209123
0.372169
0.229414
0.276880
0.281259
0.363735
0.147536
0.205215
0.280708
0.138128
0.351271
0.316958
0.327362
0.266431
0.421272
0.337129
0.322739
0.343915
0.478886
0.186468
0.322131
0.290952
0.372222
0.329556
0.386061
0.469940
0.349021
0.424059
0.335682
0.338276
0.441764
0.352891
0.241646
0.349462
0.355505
0.194786
0.304009
0.204985
0.287441
0.399087
0.291398
0.463103
0.227286
0.387646
0.408818
0.458219
0.278883
0.387292
0.271126
0.282431
0.311277
0.208818
0.360393
0.363992
0.338600
0.311790
0.366274
0.295464
0.347787
0.325981
0.402036
0.227261
0.384903
0.166048
0.450631
0.291203
0.368699
0.223482
0.292351
0.402819
0.194432
0.430592
0.288746
0.268865
0.348727
0.502294
0.299675
0.471279
0.428720
0.164731
0.441186
0.322249
0.542427
0.323562
0.504612
0.561419
0.298467
0.160545
0.190046
0.360343
0.353383
0.472503
0.319592
0.280265
0.381509
0.489945
0.369157
0.325431
0.379949
0.363900
0.440614
0.553489
0.355924
0.371158
0.286124
0.435881
0.451067
0.358238
0.484778
0.454729
0.210663
0.410892
0.231909
0.365310
0.330606
0.406074
0.306617
0.360843
0.313711
0.513937
0.281340
0.496939
0.299518
0.519170
0.497372
0.482883
0.334765
0.373558
0.350799
0.337413
0.495719
0.353679
0.321900
0.480145
0.256494
0.253944
0.233393
0.363893
0.291026
0.335913
0.400728
0.299323
0.354515
0.305850
0.405445
0.381257
0.396374
0.333387
0.438466
0.447794
0.371451
0.329861
0.434449
0.302811
0.371456
0.472607
0.341776
0.400220
0.476029
0.322073
0.292424
0.284650
0.457490
0.264389
0.345529
0.332009
0.293890
0.234057
0.362467
0.322994
0.401784
0.420066
0.376571
0.376469
0.280550
0.523921
0.295270
0.409532
0.218175
0.348559
0.221426
0.380870
0.383899
0.290256
0.453663
0.401203
0.236495
0.294495
0.358538
0.480853
0.384582
0.436702
0.286188
0.461543
0.432467
0.315214
0.406511
0.398442
0.347337
0.524197
0.318622
0.361925
0.306012
0.425125
0.348440
0.398468
0.265066
0.282169
0.358494
0.325420
0.212641
0.300575
0.324767
0.383434
0.506337
0.360151
0.432501
0.308102
0.375544
0.418202
0.205073
0.431585
0.468397
0.357374
0.333821
0.269193
0.399414
0.279222
0.378577
0.375177
0.496469
0.418975
0.370567
0.408071
0.388621
0.447151
0.370830
0.429652
0.357521
0.427640
0.286280
0.412759
0.464115
0.296091
0.388728
0.433406
0.256580
0.356949
0.356910
0.317495
0.394478
0.359476
0.334454
0.337471
0.322612
0.383148
0.363574
0.378885
0.361444
0.303325
0.524512
0.423150
0.402707
0.442786
0.232672
0.400335
0.482703
0.451576
0.213953
0.370021
0.429706
0.248203
0.371232
0.411112
0.372001
0.359080
0.324623
0.368975
0.208234
0.276739
0.540427
0.437052
0.401268
0.258456
0.518480
0.209541
0.362065
0.303009
0.382002
0.305553
0.341569
0.451700
0.280071
0.250844
0.331890
0.197321
0.222808
0.290800
0.278951
0.311830
0.407369
0.426687
0.327231
0.388075
0.359971
0.227671
0.370429
0.440314
0.220226
0.431430
0.332527
0.434425
0.381580
0.469878
0.511813
0.472331
0.304303
0.339508
0.421247
0.385547
0.370666
0.270912
0.433140
0.358569
0.392965
0.365555
0.307160
0.417705
0.447144
0.362085
0.405383
0.342056
0.435800
0.331996
0.290957
0.349398
0.330971
0.353446
0.446647
0.368423
0.367222
0.340582
0.410986
0.445625
0.407692
0.318658
0.440059
0.268639
0.451033
0.367812
-0.025859
0.045394
0.124364
0.142083
0.266062
0.185350
-0.003997
0.031931
0.071988
-0.005534
-0.000743
-0.017922
-0.027827
0.123366
0.131998
0.019970
0.020761
-0.022773
0.080934
0.036108
0.078971
0.084013
0.050214
0.090285
0.066594
0.009856
0.013426
-0.058521
-0.068987
0.076630
0.111517
0.121448
0.093164
0.093879
0.021372
-0.064096
0.058559
0.127283
0.081513
0.103271
0.093924
0.012763
0.031001
0.087332
0.069810
0.140287
-0.035905
0.003689
0.198217
0.105854
-0.037725
0.026193
0.062331
0.030587
-0.018903
0.009105
-0.006909
0.048101
0.131860
0.042534
-0.037022
0.081300
0.062636
0.185171
0.040423
0.054199
0.035036
0.162729
0.178241
-0.004483
0.054829
0.014707
0.086906
-0.020442
-0.043314
-0.002980
0.129022
0.084091
0.045501
0.111785
-0.099478
0.073304
0.096097
0.087733
0.107743
0.039027
0.111599
0.168113
0.133083
0.068604
-0.034267
0.100138
0.093245
0.113749
0.057268
0.146185
0.062335
0.203546
0.130815
0.079751
0.061968
0.111934
0.104274
-0.028197
0.082414
0.057034
0.098123
0.166549
0.112274
0.143271
0.117889
0.146865
0.143614
0.081828
0.072970
0.055866
0.182521
0.155071
0.211887
-0.003641
0.056123
-0.091314
0.006255
0.123712
0.155746
0.062254
0.201881
0.177211
0.123120
0.131580
0.078153
0.017799
0.060602
0.108859
0.037508
0.119382
0.002118
0.036637
0.011996
0.060546
0.061933
-0.011770
0.131055
0.069200
0.400714
0.234438
0.305219
0.397420
0.422591
0.235993
0.224422
0.349572
0.323452
0.243155
0.206530
0.464232
0.310141
0.500688
0.373281
0.397636
0.406065
0.297575
0.294554
0.244999
0.142728
0.414939
0.322229
0.210467
0.284402
0.228814
0.376500
0.406670
0.250085
0.357542
0.287875
0.443075
0.340279
0.250076
0.416723
0.363401
0.247625
0.195689
0.221897
0.248599
0.403572
0.267207
0.435123
0.234849
0.413810
0.362549
0.176026
0.480132
0.274277
0.285197
0.457228
0.260506
0.434635
0.530591
0.402013
0.271943
0.347476
0.372211
0.324788
0.420745
0.199512
0.406201
0.393602
0.324613
0.279379
0.501420
0.278600
0.284558
0.343514
0.321261
0.267396
0.360678
0.429397
0.336851
0.300353
0.346120
0.403342
0.191997
0.235269
0.330638
0.348281
0.357483
0.238832
0.302070
0.310871
0.315395
0.240100
0.258569
0.349899
0.193260
0.251362
0.237967
0.277360
0.412784
0.295723
0.350528
0.333353
0.330571
0.209926
0.504690
0.325410
0.404608
0.433926
0.259116
0.249204
0.355270
0.369587
0.292990
0.271208
0.224194
0.403775
0.483463
0.344095
0.349306
0.360513
0.224870
0.425498
0.330839
0.201204
0.365907
0.518961
0.226018
0.419057
0.329080
0.335876
0.297856
0.354572
0.283829
0.286384
0.365172
0.346378
0.371571
0.349096
0.356132
0.392301
0.368089
0.224050
0.219451
0.196015
0.515640
0.384968
0.396829
0.462434
0.458206
0.014499
0.086201
0.061957
0.172891
0.115444
0.127234
0.128157
0.085668
0.020194
-0.052316
-0.022229
0.048144
-0.170452
0.113029
0.086216
-0.042863
-0.122960
-0.133824
0.099863
0.031749
0.164237
0.016679
0.175465
-0.113381
0.036410
-0.023636
0.047112
-0.009450
0.054277
0.181281
-0.079235
-0.081594
0.015497
0.145069
-0.066680
0.075465
0.030015
0.070954
0.086720
0.029821
0.105234
0.004616
-0.025565
-0.054036
0.078767
0.176081
0.000594
0.158776
-0.009136
0.101312
-0.039819
0.055185
0.036737
0.076435
0.060769
0.047202
-0.000683
0.072092
0.072273
0.076840
0.105343
0.061991
0.055793
0.236623
0.078678
0.129072
0.083758
0.156223
0.090458
-0.012789
0.098883
-0.088180
0.140213
0.010907
0.061281
0.031229
0.022652
-0.047681
0.046571
0.082885
-0.011583
0.068631
0.166544
0.225542
0.093889
0.043278
0.130117
0.196178
0.084466
0.190369
0.220220
0.098024
-0.012219
0.094743
-0.016388
0.024138
0.099601
0.028927
0.038738
0.107027
0.026103
0.076430
0.034711
0.067296
0.156594
0.000787
0.105899
0.105362
0.129270
0.198283
0.189132
0.158015
0.198823
0.095877
0.002316
0.118334
0.082807
0.099723
0.036124
0.050928
0.228597
-0.011962
-0.007406
-0.071279
0.044648
0.112296
0.044441
0.109294
-0.022971
-0.026601
0.090314
0.002678
0.111228
0.083859
0.003379
0.046410
0.056693
0.107477
0.075937
-0.010928
0.028700
-0.007162
0.083076
-0.031543
0.290568
0.183553
0.015184
0.124402
0.243248
0.093539
0.020593
0.150219
0.107512
0.179920
0.211367
0.139955
0.293888
0.163913
0.056298
0.181801
0.079399
0.149501
0.287305
0.180823
0.063929
-0.028425
0.070589
0.104364
0.120611
0.102354
0.164186
0.145144
0.117277
0.248143
0.203579
0.203132
0.007387
0.095028
0.205431
0.147556
-0.021919
0.146243
0.220283
0.230223
0.212396
0.169774
0.179997
0.221881
0.216797
0.114357
0.123184
0.104206
0.060241
0.110792
0.045471
0.232634
0.167030
0.049034
0.086819
0.127452
0.189657
0.118289
0.145377
0.094926
0.226384
0.176648
0.096485
0.079995
0.102477
0.195156
0.107911
0.010144
0.035535
0.119449
0.250286
0.054302
0.021722
-0.011578
0.162812
0.185338
0.159087
0.178127
0.159255
0.285268
0.157318
0.013666
0.194842
0.126019
0.136953
0.093785
0.054193
0.127636
0.314105
0.089549
0.139006
0.113625
0.146494
0.139392
0.187329
0.172360
0.012944
-0.044501
0.093400
0.104522
0.063020
0.276756
0.053360
0.120720
0.116412
0.133599
0.191589
0.026499
0.090830
0.102406
0.100793
0.218304
0.119340
0.079925
0.166307
0.157246
0.078141
0.158385
0.055279
0.262746
0.077081
0.119486
0.247164
0.257829
0.085123
0.203304
0.057106
0.175871
0.254398
0.101066
0.180614
0.073472
0.188092
0.330725
0.301861
0.081788
0.081525
0.268948
0.133442
0.201608
0.262147
0.160211
0.172049
0.229375
0.143848
0.070587
0.099825
0.078737
-0.048040
0.128934
-0.034380
0.082970
0.126002
0.098457
0.036744
0.024051
0.050485
-0.006472
-0.034340
0.069348
0.093219
0.129131
-0.017930
0.123184
0.065339
0.039571
0.012045
-0.001881
0.054307
0.051169
0.053807
0.187815
0.088811
0.158708
0.084535
0.186708
0.110643
-0.047579
0.112841
0.109566
0.095258
0.036647
0.070081
0.075175
-0.009012
0.039339
0.048126
0.124387
0.063348
-0.058414
0.053147
0.016129
0.072553
0.004029
0.014634
0.151446
0.043199
0.037025
0.070945
0.073777
0.111934
0.068712
0.100716
0.001537
0.144784
0.045808
0.076724
-0.035368
-0.012126
-0.019046
0.143147
0.085965
0.076555
0.099681
0.196704
0.065889
-0.023914
0.098279
0.175222
0.099069
0.079054
0.122264
-0.085179
-0.015298
0.171319
0.021788
0.129922
0.046123
0.094243
0.036028
-0.026863
0.047351
0.156954
-0.032002
0.003558
0.022984
-0.039466
-0.071034
0.022483
0.017452
0.124606
0.056161
-0.072695
-0.049210
0.063538
0.128882
0.019453
0.117251
0.040368
-0.008075
0.126758
-0.071027
-0.000271
0.066875
0.001314
-0.016564
0.044629
0.061063
0.141399
0.066146
0.108485
0.079293
0.022686
0.117337
0.059833
-0.014506
0.087808
0.128311
0.088900
0.095979
-0.007748
-0.046503
0.102527
-0.092810
0.062272
0.036830
0.105429
0.054376
0.109987
-0.015920
-0.011230
0.014887
0.041681
-0.058434
0.157636
0.003537
0.082855
0.157211
0.279619
0.137272
0.339833
0.178487
0.303693
0.134969
0.188281
0.293999
0.227823
0.268969
0.168481
0.333611
0.092736
0.140684
0.307716
0.263191
0.303408
0.190700
0.261134
0.222304
0.294473
0.268760
0.125519
0.180247
0.265134
0.322245
0.272558
0.175565
0.251163
0.160646
0.305117
0.302903
0.268344
0.181277
0.221779
0.141532
0.177714
0.331366
0.192753
0.187814
0.169382
0.291788
0.220262
0.324710
0.244937
0.340434
0.125607
0.174967
0.292765
0.231689
0.206952
0.217949
0.271120
0.262346
0.199760
0.323425
0.296646
0.275679
0.208498
0.112361
0.124186
0.188722
0.361538
0.218444
0.219019
0.242169
0.207917
0.277806
0.357958
0.230761
0.144384
0.173120
0.336959
0.184902
0.231688
0.265328
0.200461
0.215935
0.240267
0.213641
0.242472
0.353794
0.265311
0.158714
0.107309
0.128981
0.267384
0.284386
0.059423
0.180504
0.187964
0.305451
0.120200
0.209644
0.351767
0.310017
0.328952
0.230775
0.310304
0.155855
0.342096
0.088825
0.268572
0.191713
0.264572
0.298680
0.110865
0.157565
0.128198
0.122886
0.404415
0.252540
0.114589
0.290502
0.222113
0.421099
0.231787
0.282153
0.272608
0.181785
0.110868
0.419322
0.170291
0.256884
0.369314
0.326335
0.293371
0.209621
0.166526
0.499071
0.138607
0.276541
0.162331
0.129017
0.204004
0.244864
0.232343
0.052063
0.277867
0.160464
0.157112
0.295248
0.286213
0.212521
-0.261546
-0.259975
-0.372122
-0.190290
-0.248336
-0.266107
-0.244489
-0.380691
-0.276964
-0.316045
-0.226180
-0.215382
-0.209089
-0.265577
-0.312680
-0.457775
-0.329389
-0.212444
-0.231744
-0.291151
-0.225254
-0.261645
-0.241503
-0.311796
-0.341215
-0.238728
-0.345331
-0.279053
-0.256506
-0.265947
-0.320540
-0.325309
-0.322204
-0.137183
-0.326610
-0.179437
-0.220346
-0.306984
-0.198511
-0.225504
-0.121900
-0.317412
-0.292151
-0.426090
-0.202862
-0.335053
-0.263364
-0.413268
-0.277494
-0.123331
-0.173139
-0.272930
-0.380305
-0.276062
-0.263151
-0.243589
-0.346238
-0.331797
-0.317499
-0.327302
-0.204721
-0.359054
-0.265727
-0.307135
-0.378634
-0.321348
-0.276487
-0.307024
-0.332401
-0.219105
-0.294621
-0.204190
-0.249869
-0.328285
-0.224292
-0.409348
-0.156762
-0.291496
-0.226461
-0.265185
-0.218624
-0.283613
-0.187108
-0.232314
-0.212995
-0.215511
-0.329848
-0.336303
-0.366529
-0.312489
-0.288757
-0.336080
-0.191331
-0.386247
-0.224009
-0.272727
-0.285273
-0.224636
-0.311827
-0.358650
-0.351620
-0.318298
-0.410724
-0.122149
-0.273401
-0.214402
-0.263545
-0.227386
-0.211358
-0.185365
-0.309458
-0.258509
-0.344078
-0.374680
-0.111530
-0.382777
-0.265754
-0.244605
-0.203183
-0.255350
-0.174716
-0.392558
-0.420807
-0.349553
-0.290554
-0.269004
-0.322337
-0.201664
-0.365968
-0.280068
-0.254803
-0.287515
-0.451371
-0.122494
-0.324431
-0.141736
-0.342727
-0.250013
-0.454264
-0.267357
-0.403071
-0.305317
-0.262937
-0.192389
-0.606391
-0.513370
-0.454358
-0.602666
-0.507181
-0.539260
-0.519489
-0.452187
-0.510276
-0.577236
-0.427964
-0.582232
-0.458930
-0.574644
-0.466198
-0.449241
-0.521330
-0.608645
-0.548684
-0.437867
-0.492991
-0.465706
-0.565981
-0.486427
-0.443221
-0.503427
-0.527445
-0.653104
-0.587576
-0.689195
-0.380141
-0.571381
-0.537782
-0.588772
-0.384643
-0.417950
-0.497089
-0.506130
-0.612808
-0.476631
-0.509011
-0.346322
-0.484735
-0.566668
-0.644049
-0.509728
-0.446284
-0.566278
-0.548264
-0.520459
-0.549363
-0.477246
-0.457296
-0.499634
-0.583704
-0.546105
-0.524506
-0.563307
-0.496869
-0.405170
-0.570789
-0.448609
-0.562652
-0.542468
-0.287586
-0.400261
-0.482443
-0.487206
-0.565879
-0.491370
-0.556435
-0.446276
-0.469132
-0.416043
-0.430744
-0.440439
-0.494149
-0.446303
-0.518255
-0.594204
-0.618283
-0.619057
-0.714196
-0.560885
-0.481921
-0.523608
-0.621811
-0.564634
-0.563027
-0.529911
-0.540588
-0.447404
-0.605537
-0.550956
-0.609208
-0.555540
-0.506769
-0.553918
-0.466316
-0.529040
-0.572016
-0.559184
-0.373335
-0.519816
-0.337981
-0.359312
-0.456572
-0.435889
-0.332552
-0.516098
-0.478115
-0.470611
-0.472817
-0.418393
-0.506673
-0.432336
-0.427447
-0.587289
-0.528561
-0.564985
-0.682650
-0.412597
-0.555042
-0.597510
-0.537966
-0.596282
-0.614737
-0.639293
-0.529220
-0.556262
-0.733912
-0.594528
-0.598407
-0.539353
-0.595364
-0.599327
-0.471089
-0.502751
-0.408773
-0.542581
-0.482564
-0.524345
-0.573808
-0.549386
-0.130758
-0.071900
-0.155597
-0.043500
-0.180263
-0.237325
-0.038775
-0.077149
-0.086137
-0.192986
-0.041512
-0.087860
-0.067991
-0.191509
0.058126
-0.042411
-0.117628
-0.076225
-0.049134
-0.164376
-0.051672
-0.059978
-0.050227
-0.126291
-0.161116
-0.181223
-0.005815
-0.155145
-0.230450
-0.208864
-0.117051
-0.111901
-0.069764
-0.041667
0.048392
-0.017568
-0.154876
-0.095687
-0.148441
-0.027884
-0.120510
-0.041071
-0.226411
-0.100889
-0.181542
0.032787
-0.102184
-0.160343
-0.053281
-0.086285
-0.182090
-0.058766
-0.107542
-0.266435
-0.128471
-0.021134
-0.064571
-0.230392
-0.036029
-0.071772
-0.099292
-0.233472
0.005488
-0.149552
-0.049747
-0.296338
-0.131086
-0.168480
-0.057051
-0.102655
0.061099
-0.081927
-0.073771
-0.271467
0.057990
-0.015553
-0.051236
-0.122184
-0.001468
-0.089866
-0.075498
-0.163665
-0.121835
-0.260544
-0.130332
-0.195530
-0.063020
-0.248683
-0.001500
-0.051893
-0.103506
-0.164955
-0.110113
-0.063363
-0.219137
-0.023213
-0.112779
-0.125075
0.062028
-0.234763
-0.094065
-0.013267
-0.120941
-0.079171
-0.063613
-0.147260
-0.061841
-0.052985
-0.112861
0.106252
0.018446
-0.204267
-0.076661
-0.068597
-0.109100
-0.133023
-0.083267
-0.294852
-0.143334
-0.043580
-0.178127
0.070905
-0.138166
-0.305467
-0.140646
-0.108309
-0.052733
-0.147221
-0.139663
-0.104129
-0.187360
-0.080252
-0.091466
-0.070667
-0.187376
-0.104358
-0.076305
-0.175241
0.005893
-0.160587
-0.007181
-0.310481
-0.049357
-0.235138
0.289308
0.343437
0.169181
0.367572
0.272847
0.276229
0.356122
0.339106
0.377535
0.263956
0.349186
0.242754
0.239989
0.325539
0.387098
0.377754
0.260708
0.283948
0.285103
0.268914
0.267594
0.459870
0.296169
0.296785
0.335037
0.221692
0.251971
0.369977
0.401401
0.350301
0.336935
0.331547
0.441236
0.373814
0.349385
0.284014
0.388644
0.372204
0.344219
0.390090
0.358488
0.342275
0.415798
0.280924
0.451693
0.373079
0.366897
0.295037
0.416822
0.350468
0.301454
0.370359
0.209884
0.365128
0.341982
0.355219
0.319593
0.474785
0.343222
0.428341
0.386577
0.218317
0.300820
0.363403
0.306634
0.282424
0.263858
0.297910
0.395090
0.268353
0.194980
0.474368
0.202576
0.281056
0.297986
0.273983
0.262772
0.201961
0.391315
0.416689
0.278465
0.309682
0.210135
0.379046
0.329767
0.386336
0.322338
0.352519
0.093171
0.242779
0.311031
0.330704
0.405673
0.334042
0.521197
0.340924
0.318259
0.442399
0.498575
0.288415
0.374234
0.379686
0.211818
0.258102
0.349080
0.335842
0.251724
0.214189
0.409950
0.281622
0.281649
0.464783
0.257728
0.174713
0.249483
0.275187
0.331591
0.238129
0.265029
0.244727
0.387709
0.349941
0.386498
0.363394
0.306365
0.360216
0.305409
0.421208
0.359521
0.399688
0.391364
0.312187
0.365693
0.288864
0.372127
0.322802
0.356899
0.383860
0.465771
0.348927
0.317964
0.296832
0.343572
0.252193
0.215481
0.491299
0.335448
0.309800
0.226662
0.330162
0.302764
0.286258
0.393152
0.277183
0.357924
0.316634
0.414514
0.328027
0.492538
0.354230
0.350929
0.405318
0.280853
0.325803
0.207588
0.365696
0.355673
0.320322
0.299762
0.273337
0.479394
0.419927
0.384750
0.336829
0.421050
0.428317
0.345988
0.429831
0.376205
0.422305
0.343136
0.341559
0.324172
0.293974
0.340216
0.306400
0.372775
0.384533
0.360077
0.267091
0.300512
0.308722
0.409214
0.348200
0.473993
0.423380
0.394794
0.368817
0.419610
0.445335
0.353730
0.365411
0.387329
0.374757
0.261817
0.350552
0.401980
0.274948
0.273492
0.232267
0.331200
0.320396
0.397651
0.207720
0.465937
0.388914
0.426383
0.333706
0.402016
0.317091
0.472933
0.283888
0.308906
0.358313
0.371036
0.385458
0.269131
0.319787
0.314387
0.416659
0.266488
0.289698
0.199954
0.365960
0.168025
0.415153
0.320319
0.326572
0.276368
0.406958
0.297211
0.487506
0.316917
0.368277
0.473329
0.272368
0.390058
0.319972
0.426568
0.334477
0.375303
0.369227
0.308087
0.338676
0.489374
0.310277
0.305880
0.440620
0.300696
0.296484
0.239545
0.292365
0.386579
0.291342
0.428480
0.426431
0.347649
0.345434
0.350995
0.362651
0.339894
0.263325
0.302669
0.363910
0.354325
0.443750
0.343652
0.362048
0.401523
0.313201
0.369366
0.355073
0.348829
0.310109
0.395803
0.320248
0.409123
0.337791
-0.055836
-0.046620
0.025070
-0.059446
0.052689
0.043629
-0.039926
-0.097021
-0.008042
-0.150274
-0.043596
0.034006
0.045269
-0.066651
0.065845
-0.066312
-0.020755
-0.041580
0.090564
-0.010764
-0.082002
0.167565
-0.160268
-0.066979
0.098032
-0.072362
-0.031226
-0.052075
-0.045284
0.048996
0.063559
-0.092708
0.002237
-0.115578
-0.006850
-0.156452
0.013385
0.055670
-0.006409
0.056618
-0.094203
-0.021136
-0.013362
0.111143
-0.023903
-0.017732
0.043013
-0.112157
0.013389
-0.006308
-0.018387
-0.036679
0.012163
-0.015083
-0.053182
-0.023277
0.019273
0.060970
-0.044134
-0.041086
-0.047576
-0.022064
0.068751
-0.008918
-0.051550
-0.058410
0.075589
0.065075
-0.045205
-0.111897
0.094067
-0.142742
-0.088812
0.030542
-0.114053
-0.158052
-0.071485
0.003047
-0.054661
-0.018672
0.060296
0.098418
-0.151981
0.107105
-0.081144
-0.147345
0.027345
0.082456
0.012834
0.010249
-0.030813
0.008710
-0.130473
0.027899
0.066321
-0.030557
-0.010943
-0.046110
-0.092899
0.017444
0.137345
-0.173622
0.063696
-0.106243
0.031931
-0.081741
-0.137188
-0.058770
-0.031535
-0.064089
-0.053974
-0.146139
-0.040096
0.067913
-0.037709
-0.029778
-0.037347
-0.022764
0.030610
-0.033124
-0.074676
0.031943
-0.050075
-0.012202
-0.051872
-0.004924
-0.044590
-0.101216
0.031408
0.043590
0.044430
0.087927
-0.068289
0.006830
-0.044498
-0.000578
0.067847
-0.074708
0.091956
-0.042335
-0.056891
-0.007508
-0.030876
0.075236
-0.068524
0.117598
-0.115542
-0.133910
0.040378
0.078795
0.044758
-0.032970
0.015168
0.019206
-0.139731
-0.084355
0.135316
-0.016184
0.128789
0.250785
0.042556
0.113316
0.008082
0.130111
0.210037
-0.011586
0.127754
-0.014137
0.011786
-0.056218
0.070684
-0.058155
0.004124
-0.067243
0.017367
0.030923
0.057911
0.053561
-0.043006
0.019877
-0.011397
0.135588
0.169095
-0.038106
0.001765
0.145396
0.122809
0.117089
0.052278
0.047987
-0.027978
0.030247
0.035219
-0.076098
-0.027301
0.000892
-0.040459
0.181902
0.086715
-0.045425
0.087035
0.093523
0.081090
0.073102
0.069685
0.062258
0.117034
0.042687
0.198425
0.259398
0.097899
0.005586
0.088575
0.028352
0.093014
0.001429
0.144301
0.042704
-0.000562
-0.041235
0.132813
0.094083
-0.067371
0.050345
0.140807
0.013463
0.020711
-0.132494
0.050483
-0.013588
0.071954
0.098893
-0.021223
0.152288
0.138797
0.048251
-0.033848
-0.056474
0.060660
0.120491
0.078700
-0.203678
-0.226468
0.110235
0.055772
0.019887
0.209605
0.054042
0.143168
0.075539
0.168549
-0.002269
-0.072333
-0.053273
0.297767
0.215446
0.082194
0.052447
0.215280
0.006653
0.014604
-0.067985
-0.026924
0.136085
-0.010596
0.040349
0.060590
-0.021211
0.033324
-0.018634
-0.050927
-0.097888
0.080348
0.027154
0.008827
0.118634
-0.035045
0.130412
-0.022149
0.104676
-0.005275
-0.012388
0.045402
0.010566
0.091585
0.028221
0.131356
-0.049732
-0.250406
-0.112233
-0.027525
-0.090245
-0.057334
-0.154512
-0.130348
-0.010659
-0.044851
0.027269
-0.096945
-0.017392
-0.195201
-0.111489
-0.178998
-0.218518
-0.163447
-0.134637
-0.130451
-0.171733
-0.152321
-0.107522
-0.186564
-0.341480
0.039104
0.054988
-0.050610
-0.053306
0.020971
-0.066764
-0.093492
-0.075253
-0.100600
-0.191778
-0.071612
-0.012691
-0.153635
-0.052431
-0.266896
-0.274230
-0.149750
-0.168537
-0.084710
-0.117428
-0.176545
-0.112349
-0.087727
-0.203727
-0.072556
-0.129143
-0.090768
-0.101405
0.021765
-0.039458
-0.136311
-0.120928
-0.235645
-0.061175
-0.155635
-0.132668
-0.113037
-0.244460
-0.137711
-0.117404
-0.132202
-0.239304
-0.222396
-0.023977
-0.032893
-0.376294
-0.198921
-0.053433
-0.115267
-0.078303
-0.057124
-0.135012
-0.157804
-0.084016
-0.042549
-0.159671
-0.227073
-0.097449
-0.052492
-0.068395
-0.059195
-0.066670
-0.098799
-0.223672
-0.082736
0.039250
-0.143895
0.001392
-0.064851
-0.222525
-0.052175
-0.299514
-0.193031
0.053612
0.123085
-0.050895
-0.045096
-0.143136
-0.136895
-0.212231
-0.075922
0.012406
-0.235357
-0.294057
-0.293481
-0.231023
-0.295192
-0.191717
-0.214303
-0.176508
-0.232580
-0.064972
-0.122188
0.063558
-0.100747
-0.057203
-0.008450
-0.113390
-0.185190
-0.023905
-0.115678
-0.142647
0.070634
-0.112143
-0.274128
0.027788
-0.097342
-0.091545
0.015873
-0.133077
-0.100986
-0.222035
-0.064304
-0.093739
-0.134584
0.031014
-0.148377
-0.142369
-0.180371
-0.196625
-0.759169
-0.895368
-0.814029
-0.693217
-0.767900
-0.725851
-0.694085
-0.721161
-0.740241
-0.865502
-0.611783
-0.747959
-0.768653
-0.796911
-0.677203
-0.802030
-0.848886
-0.686952
-0.728438
-0.809965
-0.818394
-0.695331
-0.645409
-0.819359
-0.635455
-0.634951
-0.702697
-0.751905
-0.785620
-0.764216
-0.811719
-0.711947
-0.773165
-0.702844
-0.669938
-0.666113
-0.683084
-0.754902
-0.765486
-0.563817
-0.608561
-0.769764
-0.691475
-0.696156
-0.683578
-0.644785
-0.774098
-0.826662
-0.660539
-0.665554
-0.776195
-0.707928
-0.722717
-0.657528
-0.593669
-0.787569
-0.828270
-0.722333
-0.644352
-0.602425
-0.724166
-0.669637
-0.622401
-0.675194
-0.748670
-0.593313
-0.715656
-0.683881
-0.533699
-0.739060
-0.714085
-0.536903
-0.677885
-0.735107
-0.640833
-0.635241
-0.764659
-0.714058
-0.612374
-0.696924
-0.810518
-0.663301
-0.720591
-0.711814
-0.614251
-0.688183
-0.770115
-0.821305
-0.818962
-0.659921
-0.826296
-0.755998
-0.652360
-0.803733
-0.930084
-0.823436
-0.756187
-0.648307
-0.697008
-0.879128
-0.773419
-0.618294
-0.699770
-0.682080
-0.611867
-0.687888
-0.891625
-0.848394
-0.745840
-0.863329
-0.832159
-0.681824
-0.624695
-0.640322
-0.637946
-0.650479
-0.514949
-0.766386
-0.746686
-0.672288
-0.663906
-0.769678
-0.738498
-0.880568
-0.673330
-0.728280
-0.549047
-0.744857
-0.784900
-0.740452
-0.705302
-0.679827
-0.661034
-0.637430
-0.682542
-0.667178
-0.777708
-0.883640
-0.780006
-0.783958
-0.703571
-0.813165
-0.672540
-0.638869
0.177857
0.098802
0.127348
0.044279
0.044551
0.078699
0.183436
0.307850
0.098479
0.037610
0.133363
0.203384
0.006813
-0.016581
0.304936
0.282309
-0.033307
0.105725
0.135821
0.226137
0.077169
0.058935
0.099123
0.095265
-0.058142
0.098319
0.213663
0.076724
0.167557
0.154285
0.095799
0.188821
0.193197
0.189080
0.009173
0.137385
0.078031
0.111129
0.115348
0.084092
0.235526
0.209400
0.055307
0.076441
0.206672
0.016066
0.151479
0.061272
0.124629
0.111668
0.121515
0.098938
0.084228
0.155977
0.048998
-0.016915
0.217741
0.204252
0.169959
0.071289
0.113934
0.048422
0.098354
0.079919
0.089567
0.179821
-0.045718
0.188907
0.279453
0.188283
0.048627
0.262162
0.097802
0.092594
0.106276
0.256709
0.156644
0.045149
0.198315
0.251109
0.052037
0.057948
0.026451
-0.034943
0.125151
0.117198
0.116173
0.156950
-0.085294
0.140410
0.080353
-0.077550
0.157851
0.095909
0.187663
0.069772
0.009486
0.021929
0.360474
0.284974
0.180802
0.237269
0.217218
0.067142
0.062835
0.227195
0.055060
0.096244
0.235269
0.033445
0.165048
0.231479
0.196621
0.139157
0.068815
0.101987
0.266632
0.060175
0.118153
0.096253
0.036858
0.190831
0.168503
0.135841
0.156481
0.100029
0.185393
0.209798
0.255349
0.207771
0.099887
0.158484
0.046365
0.079719
0.082737
0.080531
0.079551
0.163350
0.271327
0.079306
0.074981
0.048220
0.107035
-0.034656
-0.442407
-0.253807
-0.401126
-0.345523
-0.325642
-0.346525
-0.451320
-0.442532
-0.399068
-0.436766
-0.394769
-0.426243
-0.239779
-0.320683
-0.222260
-0.350141
-0.377555
-0.340517
-0.434525
-0.367422
-0.410947
-0.426604
-0.434589
-0.295214
-0.363421
-0.502374
-0.390834
-0.406588
-0.386018
-0.489981
-0.332162
-0.389546
-0.278365
-0.504605
-0.542643
-0.453512
-0.332875
-0.431938
-0.274765
-0.270503
-0.342259
-0.409576
-0.411689
-0.355657
-0.492490
-0.452891
-0.382902
-0.451142
-0.379295
-0.365799
-0.340418
-0.480196
-0.322103
-0.297078
-0.410305
-0.388312
-0.394186
-0.317989
-0.357987
-0.235114
-0.359409
-0.265268
-0.352168
-0.283054
-0.257491
-0.309109
-0.403629
-0.361344
-0.410693
-0.425119
-0.329176
-0.458963
-0.316465
-0.299262
-0.508614
-0.339464
-0.410889
-0.308838
-0.299001
-0.434732
-0.393073
-0.503031
-0.393037
-0.356645
-0.388763
-0.371455
-0.352701
-0.521210
-0.550339
-0.361888
-0.425065
-0.266335
-0.214746
-0.179320
-0.357226
-0.289171
-0.394919
-0.507835
-0.539408
-0.247287
-0.462982
-0.312209
-0.273833
-0.297898
-0.359730
-0.364122
-0.350625
-0.340339
-0.469853
-0.453430
-0.274655
-0.334652
-0.204993
-0.381931
-0.510284
-0.279692
-0.374188
-0.385929
-0.531696
-0.480770
-0.354726
-0.476115
-0.237181
-0.272632
-0.464857
-0.472991
-0.394984
-0.331131
-0.303082
-0.397825
-0.337223
-0.327384
-0.416216
-0.470636
-0.328863
-0.381476
-0.200087
-0.332601
-0.323336
-0.491048
-0.479684
-0.275865
-0.349447
-0.277793
0.208794
0.095320
0.135179
0.082053
0.108436
0.016447
0.075587
0.172059
0.162670
0.233624
0.441292
0.117051
0.123842
0.140682
0.055201
0.063713
0.072955
0.103204
0.181864
0.099893
0.257464
-0.060532
-0.064591
0.087674
0.089688
0.171638
0.130573
0.095369
0.122140
0.172453
0.112167
0.067701
-0.000942
0.220097
0.088833
0.250202
-0.052068
0.149676
0.164160
-0.058770
0.169000
0.048324
0.068442
0.023761
0.056436
0.111815
0.235994
0.239897
0.070033
0.143019
0.128896
0.091818
0.235453
0.108590
0.104251
0.021733
0.065763
0.125302
0.046445
0.117333
-0.011266
0.159466
0.103478
0.173349
0.043521
0.118797
0.072984
0.125950
0.023916
-0.003101
-0.000341
0.129590
0.206228
0.174979
0.151985
0.016760
0.200037
0.129658
0.181906
0.044136
0.183497
0.166088
0.058650
0.075762
0.112587
0.077615
0.062180
0.215608
0.084578
0.236116
0.148074
0.131841
0.096789
0.111631
0.271115
0.154794
0.110514
0.191082
0.209668
0.163352
0.062233
0.096312
0.158403
0.004583
0.097235
0.134493
-0.008475
-0.024831
0.265963
0.062515
0.074563
0.106003
0.053252
0.064362
0.192143
0.109892
0.015176
0.060062
0.187065
0.096916
0.101095
0.153817
0.071705
0.186180
0.148404
0.141441
0.125535
0.228459
0.093573
0.133115
0.127203
0.050362
-0.013186
0.140042
0.049456
0.083499
0.102175
0.290160
0.155784
0.137230
0.149487
0.084106
0.030344
0.104489
0.036894
-0.129517
-0.168384
-0.062947
-0.072609
-0.084187
-0.083769
-0.081975
-0.163557
-0.155422
-0.065222
-0.047716
-0.089149
-0.166071
-0.058361
-0.176369
0.021976
-0.148257
-0.092981
-0.182329
-0.132635
-0.225787
-0.234886
-0.011336
-0.095873
-0.092511
-0.136316
-0.085863
-0.065957
-0.213485
-0.062866
-0.050562
0.002731
-0.099008
0.024050
-0.157638
-0.110810
-0.063603
-0.214630
-0.070404
-0.128841
-0.099941
0.006192
-0.057092
-0.026981
-0.073151
-0.113925
-0.119725
0.009921
-0.062662
-0.062970
0.022933
-0.055759
-0.069857
-0.067655
-0.039398
-0.092125
0.081390
-0.234664
-0.211707
-0.105309
-0.126817
-0.190362
-0.047442
-0.122364
-0.054191
-0.085179
-0.151988
-0.082527
-0.017526
-0.141577
-0.032355
-0.230292
-0.061325
-0.161489
0.070766
-0.123632
-0.115353
-0.135694
-0.112309
-0.150212
0.060267
-0.229383
-0.091026
-0.231934
-0.299278
-0.134870
-0.033514
-0.147619
-0.106731
-0.060871
0.001615
-0.180016
-0.070107
-0.300337
-0.086421
-0.150077
-0.142297
0.003886
-0.143748
-0.071179
0.033845
0.047388
-0.132414
-0.145711
-0.007382
-0.164633
-0.189873
-0.102277
-0.078545
-0.156972
-0.045838
-0.069738
-0.086246
-0.074513
0.063264
-0.054382
-0.073255
-0.036078
0.022148
-0.176120
-0.040535
0.067498
-0.153205
-0.115206
-0.200228
-0.179239
-0.208562
-0.178996
-0.002690
-0.146851
0.041241
-0.087520
-0.110315
-0.057392
-0.166957
0.008680
-0.152201
0.047195
-0.054859
-0.064682
-0.065483
-0.181371
-0.152185
0.437657
0.405243
0.542989
0.398996
0.263648
0.383651
0.363675
0.349679
0.287126
0.511989
0.369378
0.402151
0.406668
0.521771
0.389172
0.404042
0.540570
0.392862
0.509399
0.507115
0.534957
0.424522
0.341810
0.413445
0.392784
0.346938
0.384598
0.281109
0.230546
0.408904
0.409770
0.506813
0.382173
0.395207
0.295556
0.288777
0.539557
0.486845
0.460789
0.530118
0.505516
0.519304
0.494130
0.410786
0.480375
0.256561
0.458232
0.372299
0.416269
0.396766
0.397020
0.313790
0.370877
0.304647
0.279018
0.424290
0.374226
0.328637
0.464170
0.512730
0.393380
0.427647
0.467366
0.451886
0.427853
0.422986
0.372073
0.601371
0.396358
0.314033
0.401585
0.393822
0.395114
0.428909
0.355056
0.321329
0.258834
0.405984
0.458641
0.388530
0.470483
0.246390
0.404556
0.476051
0.390557
0.489104
0.520758
0.391127
0.372965
0.303496
0.376918
0.289502
0.430223
0.438260
0.560977
0.485960
0.449518
0.584608
0.430947
0.393949
0.376751
0.354946
0.323541
0.442299
0.317054
0.235317
0.347538
0.404935
0.464317
0.575782
0.435365
0.299613
0.354545
0.511210
0.446205
0.341662
0.347121
0.385579
0.392770
0.351860
0.343527
0.342781
0.436333
0.431607
0.376701
0.304305
0.381169
0.445988
0.522887
0.483075
0.488910
0.362783
0.390278
0.310542
0.363098
0.495180
0.463871
0.505437
0.435572
0.415689
0.307194
0.367468
0.413388
0.510734
-0.568156
-0.597471
-0.444228
-0.489819
-0.644400
-0.524208
-0.488587
-0.470652
-0.382897
-0.592431
-0.457139
-0.419246
-0.598460
-0.548615
-0.576825
-0.704462
-0.722863
-0.682555
-0.592243
-0.588137
-0.649288
-0.335686
-0.593484
-0.665910
-0.516527
-0.470125
-0.481066
-0.556017
-0.587768
-0.397011
-0.620070
-0.457471
-0.590097
-0.456781
-0.576385
-0.658331
-0.662433
-0.489978
-0.619260
-0.591251
-0.664245
-0.568809
-0.662097
-0.625098
-0.584916
-0.504095
-0.589620
-0.553798
-0.539793
-0.432343
-0.593065
-0.514690
-0.393001
-0.427591
-0.514393
-0.620792
-0.460760
-0.540157
-0.448034
-0.517017
-0.452152
-0.485284
-0.474952
-0.592831
-0.666920
-0.465514
-0.535661
-0.522613
-0.454247
-0.637558
-0.475403
-0.558421
-0.459413
-0.531559
-0.599981
-0.518424
-0.544249
-0.394712
-0.460843
-0.485623
-0.587169
-0.428186
-0.418390
-0.474377
-0.552199
-0.592910
-0.580592
-0.558823
-0.650048
-0.535376
-0.556064
-0.491213
-0.466462
-0.540886
-0.600191
-0.565775
-0.517193
-0.635577
-0.518881
-0.542430
-0.700691
-0.689865
-0.695381
-0.615688
-0.435661
-0.557631
-0.505216
-0.458502
-0.459010
-0.503366
-0.695459
-0.562080
-0.510437
-0.598718
-0.770323
-0.619579
-0.355967
-0.599010
-0.471157
-0.436135
-0.507409
-0.582571
-0.552922
-0.548926
-0.485033
-0.463484
-0.548727
-0.586841
-0.609289
-0.556847
-0.564184
-0.603839
-0.604425
-0.568856
-0.530843
-0.573367
-0.538004
-0.559915
-0.461359
-0.538405
-0.515837
-0.576102
-0.374424
-0.582588
-0.032615
0.113410
0.183684
0.085391
0.163025
0.135076
0.147160
0.012442
0.146214
0.157208
0.184327
0.102879
0.176445
0.123446
0.262429
0.177038
0.237716
0.162545
0.119873
0.121838
0.203755
0.133368
0.169613
0.300074
0.242743
0.223775
0.119096
0.094941
0.208622
0.003663
0.259443
0.096419
0.190167
0.260117
0.024982
0.050050
0.347429
0.147456
0.097587
0.184867
0.069212
0.102197
0.104854
0.188715
0.103100
0.169856
0.036331
0.226099
0.139053
0.286994
0.100592
0.191495
0.137363
0.201442
0.159489
0.138698
0.213443
0.204222
0.117669
0.065560
0.189205
0.190468
0.149370
0.233392
0.222139
0.013690
0.122624
0.061891
0.070022
0.276644
0.005384
0.206332
0.368458
0.021424
0.119366
0.054705
0.274366
0.060203
0.145162
0.158243
0.141444
0.140782
0.136885
0.286423
-0.001800
0.176910
0.152128
0.022358
-0.015568
0.148315
0.210099
0.168579
0.201578
0.276363
0.185261
0.463607
0.086202
0.063631
0.104827
0.065054
0.220436
0.127550
0.179523
0.215591
0.282436
0.174848
0.168990
0.374252
0.111645
0.264030
0.223989
0.001934
0.217882
0.174832
0.077552
0.065623
0.120618
0.083022
0.183638
0.190491
0.130719
0.199217
0.067309
0.143948
0.064606
0.107119
0.118043
0.097278
0.102547
0.110460
0.120603
0.249186
0.008750
0.179339
0.097232
0.220975
0.100586
0.145483
0.174421
0.002491
0.079575
0.195811
0.270057
0.122790
-0.077274
0.040192
0.061171
-0.035751
0.017767
0.022807
-0.016131
-0.025063
0.044956
0.002431
-0.058251
-0.034833
-0.073546
0.003806
-0.104059
-0.023890
-0.150083
-0.091447
-0.188999
0.203767
-0.064020
-0.066419
0.150292
-0.113084
-0.055497
0.091490
-0.185218
-0.045888
0.014109
-0.067185
0.092369
-0.160358
0.059694
-0.010299
-0.030930
0.005188
0.110456
0.044605
-0.051743
-0.050964
0.063478
0.023891
-0.069040
-0.124871
-0.009079
-0.035356
0.117393
0.056042
0.031091
-0.095447
0.026948
0.019036
0.000621
0.047438
-0.106203
-0.050997
-0.097377
0.053744
0.121424
-0.162949
-0.018453
-0.088212
-0.097893
0.088770
0.024485
-0.140477
-0.149935
-0.019250
-0.069042
-0.054573
-0.126411
0.035668
0.103833
-0.113017
-0.051429
-0.255650
-0.030215
-0.095649
0.029081
-0.024846
-0.175355
-0.024622
0.013010
0.091364
-0.163153
-0.060477
-0.073740
0.079302
0.029617
0.134987
0.020761
-0.091864
0.013532
-0.044424
0.080107
-0.059414
-0.055295
0.191497
0.109951
0.037506
-0.031727
-0.151683
-0.013762
-0.097611
0.028077
-0.122852
-0.033529
-0.016658
-0.007226
-0.078587
0.019072
-0.190513
-0.122889
0.016702
-0.159848
-0.077999
-0.003027
0.121485
0.035372
-0.049306
0.052720
-0.051255
-0.214806
0.141563
0.075858
-0.038691
0.042367
0.123876
0.065169
-0.001369
0.072041
-0.028300
-0.083647
-0.096434
0.005361
-0.061458
0.073530
0.152818
0.141773
0.002009
0.015065
0.055631
-0.180846
-0.073697
0.550343
0.463757
0.517652
0.484112
0.529166
0.581407
0.517151
0.448233
0.460252
0.681644
0.424316
0.396738
0.525784
0.589244
0.452796
0.459189
0.552043
0.413187
0.503319
0.368409
0.504665
0.472025
0.632245
0.724931
0.460517
0.429678
0.510118
0.567590
0.530675
0.613098
0.487407
0.629799
0.403489
0.441756
0.627532
0.536290
0.388030
0.540963
0.460813
0.491406
0.517237
0.437000
0.591871
0.593422
0.544999
0.472830
0.487362
0.720122
0.405190
0.508410
0.619901
0.466803
0.518133
0.383428
0.413741
0.598146
0.476030
0.461236
0.435689
0.587039
0.442008
0.567496
0.579860
0.463646
0.449047
0.449141
0.469189
0.477191
0.561800
0.462517
0.475826
0.572320
0.414635
0.498455
0.462061
0.530595
0.553234
0.442620
0.195011
0.445833
0.464505
0.496808
0.544949
0.449400
0.499517
0.554779
0.588849
0.522999
0.575990
0.439608
0.543553
0.503688
0.486883
0.387673
0.507032
0.445062
0.422011
0.506064
0.463568
0.425633
0.432032
0.557981
0.346886
0.452484
0.420806
0.579915
0.573371
0.476528
0.544761
0.570868
0.500075
0.712421
0.447076
0.479542
0.534395
0.474726
0.288432
0.546961
0.503258
0.512288
0.577148
0.561086
0.709585
0.413803
0.426350
0.401135
0.483964
0.502746
0.341743
0.523926
0.475036
0.546327
0.525685
0.499128
0.570050
0.577967
0.600957
0.526147
0.359230
0.721888
0.453778
0.539106
0.364401
0.551981
0.043877
0.338046
0.108084
0.250624
0.260561
0.341030
0.181465
0.045358
0.229407
0.236725
0.127686
0.182118
0.296670
0.193013
0.063354
0.226483
-0.035336
0.140453
0.175014
0.295133
0.239868
0.317894
0.149849
0.122014
0.181848
0.177562
0.159383
0.204868
0.113548
0.088478
0.196650
0.190043
0.246188
0.170594
0.120260
0.153205
0.201397
0.188280
0.330452
0.204915
0.184125
0.140500
0.216989
0.123291
0.284507
0.254345
0.264624
0.080664
0.193995
0.151853
0.250017
0.063832
0.106718
0.022103
0.158083
0.109019
0.188557
0.244985
0.242703
0.154515
0.179807
0.211709
0.152773
0.204359
0.232331
0.149443
0.216350
0.194807
0.089402
0.265299
0.267526
0.098734
0.149211
0.123173
0.210709
0.093757
0.188613
0.160549
0.178207
0.088338
0.221270
0.298462
0.144943
0.333386
0.165165
0.180291
0.157316
0.208476
0.291749
0.254275
0.212457
0.249723
0.224785
0.039504
0.315990
0.215158
0.137574
0.241642
0.053358
0.258196
0.020909
0.138644
0.184032
0.173516
0.143564
0.200866
0.341454
0.288503
0.236738
0.171361
0.333123
0.314730
0.156405
0.121530
0.208529
0.239471
0.080144
0.167271
0.213238
0.142160
0.189874
0.158939
0.142764
0.239530
0.110785
0.299486
0.111264
0.137669
0.212134
0.130179
0.257272
0.080831
0.154941
0.181229
0.320535
0.226978
0.196472
0.215860
0.169055
0.332247
0.194541
0.278072
0.167020
0.188144
0.135167
0.191916
0.263269
0.189440
0.213734
0.191906
0.001553
0.051150
0.177829
0.159578
0.137108
0.208574
0.144818
0.012099
0.267250
0.156849
0.148259
0.132890
0.019755
0.185917
0.211476
0.135034
0.153951
0.135570
-0.015383
0.028367
0.179741
0.099026
0.057702
0.153147
0.287328
0.353642
0.064366
0.176605
0.139543
0.259480
0.137863
0.126419
0.193344
0.130652
0.104131
0.263411
0.199021
0.148798
0.128128
0.150874
0.116587
0.038225
0.150762
0.150526
0.126010
0.176780
0.178814
0.152310
0.154650
0.050566
0.141332
0.102055
0.115707
0.058035
0.081772
0.191031
0.159552
0.197241
0.012458
0.049717
0.028480
0.070766
0.286545
0.030586
0.240064
0.185418
0.043316
0.111798
0.152354
0.070744
0.032217
0.151395
0.156571
0.132532
0.216769
0.269195
0.207773
0.094171
0.079531
0.122881
0.071861
0.200339
0.132121
0.223251
0.046693
0.181074
0.078130
0.206009
0.108250
0.051246
0.076391
0.205602
0.276835
0.235887
0.222146
0.150848
0.151600
0.127781
0.038468
0.158194
0.043119
0.042033
0.116520
0.104104
0.268755
0.209764
0.059137
0.083536
0.053877
0.106064
0.170684
0.068836
0.098118
0.257775
0.252408
0.127518
0.125650
0.126886
0.144903
0.143463
0.131837
0.138448
0.245447
0.245241
0.179023
0.172369
0.132565
0.111461
0.117562
-0.015719
0.187196
0.136788
0.294147
0.245518
0.286841
0.132784
-0.006301
0.115509
-0.197342
-0.243778
-0.084016
-0.338605
-0.320075
-0.192523
-0.273781
-0.304187
-0.206769
-0.267321
-0.262863
-0.213523
-0.069113
-0.159910
-0.297336
-0.188740
-0.076269
-0.199774
-0.261350
-0.263460
-0.176002
-0.103627
-0.130659
-0.273618
-0.097524
-0.280530
-0.209902
-0.194961
-0.174179
-0.278178
-0.096634
-0.190551
-0.005157
-0.197212
-0.223507
-0.200792
-0.116375
-0.244462
-0.196907
-0.130444
-0.295302
-0.175782
-0.187837
-0.193879
-0.150280
-0.189444
-0.264164
-0.275161
-0.182412
-0.284190
-0.171812
-0.146245
-0.086916
-0.338918
-0.214980
-0.094329
-0.159732
-0.185407
-0.254717
-0.200063
-0.206935
-0.253173
-0.130462
-0.167275
-0.143273
-0.287040
-0.101303
-0.086591
-0.293243
-0.233744
-0.077858
-0.169282
-0.207609
-0.174982
0.030486
-0.259589
-0.111498
-0.154131
-0.182888
-0.410685
-0.033913
-0.039806
-0.253591
-0.200243
-0.312993
-0.189289
-0.137535
-0.181313
-0.224133
-0.226484
-0.218994
-0.119208
-0.169125
-0.145609
-0.141683
-0.281792
-0.245621
-0.200128
-0.321622
-0.365947
-0.009240
-0.255110
-0.196183
-0.175028
-0.169589
-0.063194
-0.115788
-0.055870
-0.311928
-0.321731
-0.181390
-0.238284
-0.193118
-0.210538
0.037924
-0.201641
-0.333954
-0.199495
0.009177
-0.269057
-0.271519
-0.021961
-0.245688
-0.077171
-0.127409
-0.256360
-0.284984
-0.243162
-0.448728
-0.203074
-0.231928
-0.229756
-0.125715
-0.074390
-0.257215
-0.183340
-0.259334
-0.394967
-0.109355
-0.208673
-0.160767
-0.143029
-0.173484
-0.173145
-0.269423
-0.229806
-0.319802
-0.369485
-0.282301
-0.220366
-0.304125
-0.289061
-0.317195
-0.320058
-0.290786
-0.511519
-0.344630
-0.433713
-0.245895
-0.325223
-0.262969
-0.337191
-0.361804
-0.274098
-0.346354
-0.268913
-0.186001
-0.326818
-0.332853
-0.241179
-0.239865
-0.345647
-0.299301
-0.295660
-0.304996
-0.286992
-0.306261
-0.372520
-0.310344
-0.261330
-0.259777
-0.324917
-0.314919
-0.347052
-0.222324
-0.334351
-0.198889
-0.356631
-0.411434
-0.322315
-0.379050
-0.339569
-0.304177
-0.394400
-0.149638
-0.329902
-0.333841
-0.298595
-0.377380
-0.204357
-0.214807
-0.240894
-0.299625
-0.331705
-0.248903
-0.441980
-0.425203
-0.223806
-0.296539
-0.222553
-0.148182
-0.245434
-0.308824
-0.248957
-0.410197
-0.353535
-0.184718
-0.182177
-0.328051
-0.130258
-0.274648
-0.335032
-0.269660
-0.309930
-0.395744
-0.300664
-0.193637
-0.338440
-0.253170
-0.273520
-0.247489
-0.203739
-0.231153
-0.448499
-0.342828
-0.328982
-0.255875
-0.276572
-0.252083
-0.402996
-0.285517
-0.256169
-0.368813
-0.312370
-0.420317
-0.352125
-0.376488
-0.382629
-0.381538
-0.197326
-0.174593
-0.339870
-0.250194
-0.346571
-0.235287
-0.271622
-0.385659
-0.280396
-0.321360
-0.317929
-0.208905
-0.330014
-0.219407
-0.261290
-0.229197
-0.374443
-0.332906
-0.320270
-0.286512
-0.409628
-0.259386
-0.403264
-0.337750
-0.318369
-0.447210
-0.210577
-0.260279
-0.286017
-0.330216
-0.195280
-0.315536
-0.323650
-0.206560
-0.264476
-0.207833
-0.310634
-0.376554
-0.334764
0.238157
0.168826
0.129859
0.200135
0.188787
0.190184
0.148246
0.184355
0.001094
0.028740
0.181886
0.141754
0.110546
0.157062
0.101684
0.124473
0.210472
0.153398
0.075962
0.047972
0.200272
0.090606
0.074250
0.131632
0.113629
0.091859
0.150333
0.131746
0.203878
0.168706
0.007786
0.001501
0.118914
0.186424
0.142945
0.194465
0.014174
0.120276
0.090092
0.160184
0.101318
0.030425
0.195820
0.105875
0.212959
0.218604
0.052259
0.191103
0.188941
0.073951
-0.064254
0.154504
0.104401
0.169527
0.044653
0.247971
0.173060
0.136035
0.127967
0.096879
0.077264
0.071476
0.104542
0.288078
0.105282
0.067109
0.064815
0.050398
0.163785
0.165638
0.171390
0.102292
0.120460
0.006633
0.100768
0.215862
-0.113345
0.161061
0.198900
0.101656
0.099844
0.293162
0.165902
0.155024
0.194149
0.121095
0.104346
0.114453
0.075242
0.102890
0.047554
0.165184
0.084497
0.150006
0.180410
0.116852
0.114531
0.132259
0.157886
0.202652
0.006791
0.182405
0.102175
0.011184
0.067303
0.121129
0.078928
0.121197
0.171899
0.069196
0.181680
0.177062
-0.022409
0.143687
0.047954
0.115489
0.079874
0.059597
0.002759
0.109452
0.221062
0.085529
0.141549
0.143552
0.082331
-0.012439
0.099327
0.176868
0.225075
0.022338
0.151733
0.141129
0.122163
0.139201
0.185590
0.023959
0.041415
0.001814
0.053540
0.003239
0.033368
0.092891
0.126543
0.166030
0.358153
0.292792
0.321943
0.218229
0.339292
0.217720
0.240052
0.407226
0.178623
0.429695
0.314167
0.259394
0.120307
0.274015
0.346251
0.184232
0.295023
0.227719
0.262157
0.248525
0.375403
0.191308
0.315463
0.378052
0.276687
0.510814
0.187144
0.423948
0.292835
0.242121
0.343237
0.296429
0.413864
0.273231
0.275119
0.276239
0.419318
0.241681
0.315500
0.302223
0.423681
0.212898
0.253338
0.077027
0.236316
0.437079
0.340990
0.317657
0.391873
0.292901
0.206526
0.249718
0.121718
0.392474
0.199202
0.240173
0.310938
0.332618
0.311496
0.354775
0.332068
0.237653
0.437903
0.288566
0.289844
0.351524
0.154022
0.371415
0.234956
0.224191
0.484210
0.365848
0.339398
0.498170
0.293634
0.356745
0.354655
0.377324
0.348995
0.415873
0.354114
0.200758
0.231841
0.263595
0.288411
0.334365
0.435846
0.199389
0.296166
0.335470
0.361145
0.200819
0.427721
0.332603
0.184736
0.231533
0.426761
0.244650
0.443988
0.344252
0.203393
0.435275
0.271806
0.450012
0.259226
0.405917
0.298021
0.445860
0.467568
0.174455
0.428022
0.438611
0.372406
0.322081
0.268108
0.254028
0.368712
0.259361
0.381495
0.283527
0.325305
0.398725
0.266769
0.186586
0.290108
0.273736
0.298463
0.319780
0.387981
0.314318
0.324813
0.359102
0.288287
0.245914
0.270741
0.261350
0.296513
0.316199
0.346392
0.182790
0.255743
0.305610
0.419434
0.397142
0.361636
0.368253
0.503577
0.378348
0.295559
0.273631
0.358246
0.296174
0.502029
0.372871
0.439001
0.296496
0.324084
0.165750
0.517992
0.276496
0.299961
0.355931
0.288330
0.348313
0.336413
0.407429
0.398443
0.395598
0.483782
0.489113
0.371560
0.390739
0.507822
0.248294
0.380024
0.434844
0.284313
0.367009
0.313473
0.493687
0.387451
0.276779
0.317505
0.426133
0.444943
0.427766
0.324553
0.324849
0.364622
0.407759
0.410796
0.315715
0.412259
0.251466
0.405362
0.183621
0.266294
0.396955
0.314834
0.572725
0.359812
0.381451
0.480772
0.419696
0.459257
0.253406
0.241458
0.482879
0.374172
0.502138
0.364354
0.393636
0.301069
0.206617
0.384456
0.373105
0.377503
0.493799
0.381193
0.141668
0.395680
0.301048
0.230018
0.350297
0.479074
0.254280
0.402353
0.410553
0.446717
0.247450
0.478626
0.326611
0.285229
0.383372
0.352998
0.301063
0.267915
0.369975
0.242234
0.207996
0.483395
0.310289
0.416618
0.392544
0.345921
0.357996
0.340289
0.358491
0.385270
0.407203
0.414913
0.391103
0.495425
0.398147
0.381032
0.387887
0.485622
0.380528
0.294919
0.226517
0.320649
0.298306
0.387840
0.342073
0.277407
0.359187
0.370140
0.258159
0.485659
0.320509
0.418444
0.326880
0.400508
0.312556
0.320744
0.472417
0.283559
0.370284
0.454845
0.437649
0.442615
0.348039
0.414131
0.237294
0.337080
0.260735
0.363367
0.357137
0.376858
0.205508
0.514383
0.308330
0.297007
0.337333
0.380966
0.306430
0.372061
0.353917
0.358800
0.315627
0.306536
0.274212
0.502668
0.372908
0.337714
0.372311
0.380577
0.459173
0.349624
0.299242
0.413302
0.321343
0.271013
0.471430
0.278433
0.426220
0.342980
0.374455
0.439183
0.451445
0.314335
0.465388
0.402925
0.412494
0.362798
0.327546
0.420163
0.486154
0.292190
0.378869
0.392523
0.311057
0.314100
0.372328
0.269877
0.401224
0.313977
0.364452
0.334116
0.476356
0.231958
0.346517
0.322877
0.364916
0.430048
0.281284
0.378583
0.482783
0.346627
0.312012
0.153236
0.543828
0.197682
0.363080
0.288939
0.321849
0.303283
0.338794
0.273804
0.441502
0.423850
0.257896
0.398712
0.378093
0.355990
0.307861
0.316630
0.314480
0.409213
0.274156
0.203984
0.397879
0.388356
0.311440
0.323664
0.344992
0.327611
0.261158
0.402267
0.412740
0.294314
0.302180
0.404387
0.271632
0.505233
0.249366
0.163288
0.499609
0.253941
0.412397
0.317683
0.386900
0.299467
0.357771
0.364114
0.293400
0.296907
0.456650
0.273499
0.493645
0.437150
0.299806
0.397357
0.386585
0.240961
0.404112
0.335336
0.394222
0.499960
0.344969
0.462144
0.369463
0.519470
0.355943
0.393733
0.326507
0.257234
0.514696
0.411851
0.483904
0.394946
0.317128
0.249355
0.307189
0.318324
0.345091
0.410163
0.388849
0.417321
0.306167
0.238276
0.416191
0.123371
0.029587
0.014124
0.046858
0.069247
0.044936
0.010529
0.093003
0.042663
0.191844
0.174029
0.140382
0.026920
0.012262
-0.000812
0.077308
0.020626
0.122976
0.143967
0.067160
0.111987
0.082005
0.022601
0.123547
0.048543
0.050666
0.130636
0.093241
0.069313
-0.011993
-0.009277
0.042476
0.137002
0.022128
0.019482
0.056537
0.007496
0.020445
-0.048803
0.098872
-0.039204
0.075265
0.143720
0.052734
0.128432
0.101715
0.072159
0.034369
-0.003976
0.037264
0.002472
0.031398
0.151810
0.100894
0.096154
0.008027
0.120267
0.072105
0.078242
0.125467
0.125653
0.007588
0.095539
0.039206
0.019047
0.003575
0.088360
0.097585
0.162717
0.148187
-0.004601
0.017036
0.030632
0.173461
0.026337
0.033748
0.004444
0.143349
0.097278
0.180464
0.110063
0.098344
0.072829
0.004913
0.064612
0.039344
0.011306
0.237377
0.173764
0.127847
0.174470
0.033859
-0.019151
-0.099028
-0.153352
0.025113
0.093848
0.061819
0.164059
0.210483
0.154570
0.148471
0.086291
0.033037
-0.020953
0.110156
0.077170
0.200581
0.131088
0.109627
0.162980
0.064859
0.080258
0.033945
0.026969
-0.029830
0.047138
0.042337
0.111476
0.000915
0.028130
0.062761
-0.068246
-0.013543
-0.074008
0.076617
0.069323
0.093013
-0.047106
0.052246
0.018496
-0.025584
0.061608
0.131579
-0.025086
-0.002683
0.156082
0.024241
0.048423
0.108576
0.102009
-0.035444
-0.059543
0.076620
0.267393
0.416479
0.272177
0.270061
0.316323
0.354160
0.386931
0.113937
0.282180
0.651500
0.231617
0.422874
0.434065
0.185765
0.362223
0.310762
0.283439
0.277380
0.263680
0.406896
0.302783
0.451255
0.305186
0.515811
0.550454
0.290943
0.262434
0.261368
0.293697
0.386247
0.229681
0.356754
0.431193
0.182300
0.166064
0.261491
0.401292
0.376625
0.402549
0.371121
0.329755
0.425536
0.354809
0.267173
0.315591
0.205875
0.525724
0.398193
0.385658
0.109844
0.253389
0.348175
0.262723
0.412399
0.444550
0.226969
0.317282
0.380794
0.482763
0.389973
0.294444
0.303221
0.291176
0.289209
0.366325
0.309041
0.357082
0.318133
0.193991
0.308749
0.347762
0.408402
0.361971
0.317516
0.531457
0.233675
0.409313
0.372725
0.316634
0.301152
0.285090
0.346556
0.178928
0.413454
0.261250
0.328280
0.552301
0.427357
0.270876
0.300603
0.364944
0.148102
0.341648
0.539301
0.288590
0.317572
0.240749
0.315762
0.373013
0.243141
0.372315
0.324735
0.375076
0.410587
0.397057
0.285911
0.277560
0.429341
0.359436
0.371625
0.467211
0.349220
0.574099
0.475909
0.268697
0.208103
0.389522
0.345609
0.324298
0.308298
0.242917
0.454167
0.197711
0.431968
0.364675
0.372681
0.160762
0.348665
0.277603
0.461027
0.300843
0.177560
0.354057
0.316579
0.266196
0.248182
0.342442
0.340520
0.386779
0.356456
0.292454
0.357212
0.274362
0.105709
0.082118
0.020282
-0.043981
0.049569
-0.019191
0.082420
-0.088162
0.171671
-0.027753
0.134587
0.039778
0.000343
0.122089
-0.083623
0.179337
0.083704
0.059066
0.126188
0.095336
0.064191
0.136625
0.041126
0.044151
0.113263
0.048532
0.146315
-0.003400
0.006430
-0.033162
0.035268
0.093230
-0.028776
0.097641
0.069700
0.263774
0.066199
0.062107
0.036933
-0.063774
0.084021
-0.003692
0.089586
-0.051423
-0.012174
0.048797
0.115225
0.156268
0.089246
0.031092
0.075742
0.047347
-0.072715
0.138308
0.136661
0.041841
0.051582
0.100069
0.101474
0.045768
0.082666
0.004873
0.098600
0.109506
-0.047175
0.087001
0.022740
0.069352
0.004614
0.022268
0.054524
-0.028620
0.113355
0.131658
0.053173
0.107910
-0.078268
0.093638
0.076320
0.082347
0.128122
0.169061
0.097406
0.135751
0.058839
0.047655
0.077125
0.038737
0.082351
0.004779
0.138977
0.153448
0.097747
0.050781
-0.014466
-0.091062
0.039620
0.069621
0.152730
0.218468
0.167533
0.188051
0.118821
0.188640
-0.025727
-0.012803
0.117101
-0.040381
0.144999
0.088685
0.072274
0.136890
0.010485
0.053380
-0.134713
0.176107
0.110982
0.036920
0.049507
0.123259
-0.021694
0.104890
0.039253
-0.002118
0.023502
-0.040182
0.013814
0.033663
0.116699
-0.019950
0.188902
0.082386
-0.079823
0.204565
0.106838
0.163151
0.148852
0.043263
-0.002296
0.049461
-0.038086
0.052059
-0.059349
0.097500
0.214797
0.047272
0.172113
0.026821
0.164242
0.051157
0.227239
0.119014
0.143621
0.034285
0.057256
0.190447
0.061164
0.062449
0.124386
0.137200
0.175706
0.122482
0.175545
0.106487
0.221890
0.081803
0.156568
0.034124
-0.003069
0.083517
0.221481
0.038997
0.131515
0.232717
0.046376
0.194350
0.109515
0.188534
0.095329
0.106905
0.168034
0.207932
0.160836
0.153295
0.145964
0.079843
0.315909
0.154803
0.171897
-0.044944
0.029756
0.230841
0.156941
0.321329
0.025632
0.262199
0.195504
0.178466
0.064133
0.129124
0.083612
0.008813
0.023107
-0.013268
0.115878
0.041008
0.106463
0.056902
0.201459
0.143424
0.072331
0.090098
0.138380
0.127463
0.118747
0.199865
0.155055
0.146235
0.029426
0.120159
0.071346
0.178459
0.123230
0.132894
0.076324
0.143832
0.308156
0.172777
-0.062799
0.305193
0.279090
0.088438
0.195336
0.099000
0.104295
0.251132
0.291353
0.025003
0.077462
0.190773
0.138197
0.067295
0.184241
-0.004547
0.219627
0.198772
0.239091
0.061442
0.055741
0.265901
0.121629
0.180505
0.159332
0.105545
0.207639
0.213721
0.014158
0.236259
0.168596
0.156314
0.090989
0.254725
0.134113
0.241314
0.004714
0.130688
0.142497
0.167907
0.282096
0.204711
0.184375
0.177183
0.023462
0.115108
-0.019917
0.164507
0.253997
0.229155
0.164931
0.152873
0.202159
0.097800
0.163287
0.219388
0.176947
0.177422
0.052439
0.012618
0.152180
-0.019215
0.159959
0.103165
0.035388
-0.013450
0.102868
0.083618
-0.053250
0.021182
0.019283
0.115466
0.008650
-0.022016
0.179283
-0.012888
0.062364
0.070678
0.048539
-0.040608
0.014801
-0.065800
0.115974
0.009020
0.061489
0.020444
0.057147
0.017962
0.017738
-0.008883
0.051118
0.060500
-0.008426
0.054178
0.134450
0.118635
-0.020592
-0.002578
0.022032
0.206935
0.128205
0.040908
0.018535
0.086701
0.092077
-0.024297
0.033081
-0.063308
0.111650
0.243349
0.021277
0.102123
0.049029
0.059170
-0.069667
0.109464
0.020279
0.062868
-0.060173
0.052700
0.069688
-0.056472
0.144949
-0.054185
0.039150
-0.142613
0.068543
-0.002951
0.129538
0.001983
0.078904
0.051991
0.109857
0.044892
-0.064900
-0.075352
0.145019
0.048415
0.014174
0.086243
0.122227
0.017392
-0.048431
-0.033494
-0.201811
-0.021421
0.021838
0.006613
0.129987
0.001042
0.026764
0.096120
0.054284
-0.082271
0.030037
0.125828
0.051688
0.061118
0.058818
-0.018009
0.154930
0.062733
0.033662
-0.050984
-0.063775
0.057811
0.090765
0.044879
-0.031797
-0.000157
0.054037
0.023410
0.025534
-0.057007
0.071307
0.165630
-0.014711
0.027796
0.010346
0.099281
0.039775
-0.026221
0.086035
-0.058168
0.001997
0.135908
0.086337
0.130691
-0.084863
0.120125
0.163600
-0.057430
0.065320
0.022322
0.156721
0.063081
0.073328
0.073102
0.127535
0.067236
0.110852
0.002366
0.094603
0.197418
0.112087
0.271593
0.295220
0.328644
0.265837
0.296110
0.224993
0.236331
0.473463
0.250069
0.278953
0.192847
0.189631
0.324582
0.121837
0.190986
0.226800
0.278223
0.176995
0.229536
0.134204
0.203882
0.196346
0.329332
0.342424
0.132394
0.173211
0.256071
0.299312
0.210126
0.285795
0.199022
0.356961
0.233639
0.102570
0.150919
0.230909
0.250144
0.153048
0.170496
0.123789
0.478045
0.151126
0.235133
0.253122
0.330621
0.218180
0.010198
0.143897
0.090142
0.268499
0.228075
0.218309
0.350710
0.274137
0.243127
0.286037
0.161606
0.343105
0.346027
0.203720
0.226150
0.135701
0.174721
0.223955
0.289565
0.184125
0.285126
0.306277
0.352890
0.176954
0.324030
0.289688
0.359335
0.441900
0.131253
0.265479
0.304316
0.135215
0.145355
0.165830
0.219198
0.168329
0.264236
0.187987
0.219278
0.215131
0.320847
0.096316
0.370121
0.228575
0.160245
0.179992
0.315551
0.205392
0.260996
0.207687
0.336848
0.298854
0.163050
0.269582
0.196472
0.192394
0.136704
0.171323
0.064998
0.150473
0.172622
0.276915
0.183395
0.211754
0.187992
0.349401
0.257706
0.248946
0.187031
0.206173
0.112623
0.149510
0.254162
0.345529
0.296547
0.176057
0.285144
0.144494
0.214273
0.271126
0.115813
0.064036
0.347631
0.157580
0.195837
0.174086
0.229801
0.134564
0.243056
0.179425
0.245039
0.136298
0.264011
0.156780
0.166755
0.203831
0.311278
0.163315
-0.315349
-0.323443
-0.319059
-0.277155
-0.228942
-0.230438
-0.274052
-0.240283
-0.209522
-0.208352
-0.250378
-0.261029
-0.282636
-0.272111
-0.236268
-0.248569
-0.160103
-0.301924
-0.234176
-0.202438
-0.297911
-0.346463
-0.206637
-0.330064
-0.292559
-0.214969
-0.225887
-0.290046
-0.268864
-0.190057
-0.260226
-0.215055
-0.372289
-0.297555
-0.331380
-0.335598
-0.181493
-0.236261
-0.383024
-0.320676
-0.364471
-0.192681
-0.336049
-0.287360
-0.223755
-0.313565
-0.202310
-0.200968
-0.322475
-0.348920
-0.232486
-0.267428
-0.200565
-0.337376
-0.266609
-0.207642
-0.170882
-0.400655
-0.300168
-0.410676
-0.243312
-0.054569
-0.281520
-0.258090
-0.210474
-0.292582
-0.256918
-0.128724
-0.367404
-0.223184
-0.276462
-0.342719
-0.219912
-0.404034
-0.226522
-0.328702
-0.232566
-0.244005
-0.351433
-0.299056
-0.170721
-0.344557
-0.217334
-0.249954
-0.216815
-0.229851
-0.428783
-0.264971
-0.384459
-0.291136
-0.246151
-0.176415
-0.319694
-0.230095
-0.269595
-0.278025
-0.240762
-0.383315
-0.270783
-0.395396
-0.246613
-0.386883
-0.286075
-0.262100
-0.187516
-0.400791
-0.175342
-0.226902
-0.315478
-0.249250
-0.407964
-0.353781
-0.289258
-0.251515
-0.223908
-0.219255
-0.327795
-0.244513
-0.298113
-0.237536
-0.252534
-0.339427
-0.333121
-0.156535
-0.281270
-0.223035
-0.136645
-0.221635
-0.289719
-0.343525
-0.251790
-0.292704
-0.316498
-0.362893
-0.243742
-0.327577
-0.181192
-0.247279
-0.122648
-0.317284
-0.139786
-0.245825
-0.306305
-0.222644
-0.382534
-0.589859
-0.462523
-0.487965
-0.488718
-0.490324
-0.511239
-0.530322
-0.516800
-0.511092
-0.374453
-0.499876
-0.488944
-0.535858
-0.577329
-0.490583
-0.620680
-0.446237
-0.486182
-0.535804
-0.451064
-0.518397
-0.481616
-0.538027
-0.463669
-0.616643
-0.479516
-0.515888
-0.509163
-0.611499
-0.504941
-0.395788
-0.460887
-0.535805
-0.582589
-0.449119
-0.460411
-0.592584
-0.497333
-0.525885
-0.458613
-0.515935
-0.458458
-0.526597
-0.466489
-0.501941
-0.514472
-0.450338
-0.602220
-0.614661
-0.591538
-0.569093
-0.568821
-0.479935
-0.462099
-0.535492
-0.470586
-0.374279
-0.509933
-0.505278
-0.506951
-0.601428
-0.459028
-0.612180
-0.574238
-0.435694
-0.459841
-0.473873
-0.414282
-0.489622
-0.523965
-0.479511
-0.587421
-0.371947
-0.442717
-0.188201
-0.386054
-0.433330
-0.414852
-0.566849
-0.552024
-0.559067
-0.494616
-0.489533
-0.530034
-0.457560
-0.443251
-0.641651
-0.435155
-0.561269
-0.598415
-0.522618
-0.481935
-0.439895
-0.429096
-0.470759
-0.424198
-0.426572
-0.544644
-0.472446
-0.545485
-0.520477
-0.528714
-0.478645
-0.590777
-0.347436
-0.465359
-0.588741
-0.529894
-0.489455
-0.478011
-0.481181
-0.654792
-0.571927
-0.574305
-0.397545
-0.524411
-0.404226
-0.444698
-0.533797
-0.502063
-0.460244
-0.489576
-0.608233
-0.462475
-0.621686
-0.548563
-0.432969
-0.457875
-0.479285
-0.478487
-0.531817
-0.384346
-0.538576
-0.507390
-0.499184
-0.467885
-0.509283
-0.568097
-0.344356
-0.405761
-0.451256
-0.504868
-0.456500
0.015483
-0.245218
0.041939
-0.087265
-0.127360
0.008462
-0.210751
-0.111795
-0.139876
-0.140506
-0.065211
-0.117522
-0.233043
-0.019895
-0.171729
-0.112661
-0.161381
-0.126583
-0.188094
-0.189555
-0.133426
-0.186891
-0.077578
-0.088483
-0.176595
-0.090928
-0.261567
-0.059994
-0.183183
-0.119447
-0.085628
-0.188195
-0.204808
-0.037803
-0.058071
-0.122536
-0.225652
-0.150296
0.080577
-0.011840
-0.121811
0.002011
-0.225962
-0.200657
-0.179146
0.007399
-0.037745
-0.168736
-0.224461
-0.179367
-0.157978
-0.115821
-0.163675
-0.127913
-0.064696
-0.163528
-0.072576
-0.027632
-0.256255
-0.113274
-0.022310
-0.031296
-0.136798
-0.175987
-0.132339
-0.181528
-0.079209
-0.210060
-0.019745
-0.155233
0.041261
-0.110880
-0.016631
-0.058341
-0.192349
-0.005283
-0.144576
-0.111291
-0.116579
-0.063086
-0.065664
-0.161852
-0.047512
-0.236959
-0.053687
-0.043225
-0.191716
-0.076406
0.006632
-0.105062
-0.149943
-0.081507
-0.153691
0.023190
-0.097998
-0.220017
0.007483
-0.150330
-0.293943
0.053461
-0.090396
-0.169980
-0.142428
-0.103708
-0.075126
-0.161064
-0.037484
-0.179591
-0.149701
-0.002758
-0.208971
-0.013759
-0.095665
-0.334253
-0.187731
-0.065816
-0.094362
-0.129783
-0.121117
-0.122544
-0.058265
-0.157596
-0.170612
-0.120701
-0.149981
-0.230075
-0.057153
-0.235462
-0.078325
-0.186401
-0.021145
-0.057423
-0.188357
-0.073243
-0.160399
-0.202561
-0.151400
-0.111940
-0.139876
-0.120778
-0.112638
0.029361
-0.137620
0.004240
0.384931
0.113494
0.358964
0.318791
0.307433
0.241463
0.194242
0.385423
0.371865
0.401543
0.369158
0.238782
0.429608
0.331059
0.298759
0.176098
0.308625
0.159375
0.451250
0.509046
0.424533
0.303287
0.221431
0.153393
0.303532
0.529489
0.410668
0.314187
0.319042
0.435524
0.330253
0.397244
0.195849
0.291503
0.354133
0.350429
0.555398
0.220032
0.350388
0.189645
0.291887
0.373811
0.386572
0.270606
0.407452
0.376379
0.280435
0.296020
0.437687
0.470657
0.311994
0.307273
0.253365
0.408689
0.292175
0.251960
0.350471
0.284090
0.291508
0.431440
0.274487
0.319734
0.399633
0.275341
0.380738
0.371619
0.279525
0.468451
0.471004
0.325413
0.300991
0.459521
0.294716
0.311813
0.377555
0.259585
0.275613
0.350936
0.310766
0.371361
0.303208
0.349904
0.400428
0.386131
0.298024
0.361880
0.349634
0.299142
0.355069
0.311424
0.383312
0.386270
0.277902
0.142032
0.450163
0.331281
0.354775
0.323092
0.426176
0.209293
0.435738
0.430662
0.307257
0.290675
0.349317
0.373414
0.265865
0.442490
0.405983
0.389637
0.459900
0.371993
0.490499
0.312173
0.322176
0.267838
0.195915
0.502532
0.387190
0.372560
0.401162
0.264040
0.417121
0.402375
0.314021
0.263744
0.357626
0.335029
0.260325
0.425445
0.200008
0.592310
0.207250
0.222491
0.260819
0.319807
0.408244
0.260430
0.407504
0.406678
0.211702
0.284416
0.205782
0.431238
0.359337
0.265492
0.477886
0.235365
0.352934
0.333632
0.370078
0.257107
0.306086
0.429140
0.440955
0.336102
0.350072
0.331870
0.312020
0.392210
0.343075
0.291248
0.306117
0.242369
0.456802
0.334794
0.381591
0.346594
0.398348
0.417797
0.281133
0.354708
0.321639
0.330611
0.269897
0.306582
0.343699
0.315025
0.269034
0.422885
0.492508
0.252612
0.378635
0.365278
0.461178
0.291618
0.272182
0.301768
0.445164
0.384307
0.331611
0.398547
0.323002
0.338418
0.225017
0.279303
0.352709
0.369663
0.260874
0.349745
0.359417
0.434014
0.375833
0.342702
0.297061
0.259251
0.361881
0.413432
0.316244
0.367437
0.321409
0.437415
0.426789
0.422367
0.319053
0.439774
0.344558
0.354413
0.299401
0.334608
0.343096
0.398799
0.343812
0.347614
0.374467
0.306782
0.374699
0.332291
0.274274
0.457735
0.391206
0.369333
0.405086
0.278263
0.269556
0.358368
0.362770
0.463551
0.305824
0.386762
0.483759
0.397162
0.315979
0.266452
0.306203
0.215157
0.344992
0.409314
0.399479
0.399117
0.435510
0.326499
0.429021
0.387208
0.268155
0.431927
0.418504
0.398599
0.311864
0.366408
0.359200
0.307828
0.354188
0.360754
0.374546
0.388832
0.446953
0.296554
0.484250
0.191570
0.405733
0.370059
0.324911
0.275326
0.365952
0.423829
0.419503
0.315885
0.228409
0.232277
0.348529
0.364597
0.267485
0.366394
0.390894
0.301485
0.324409
0.377289
-0.039303
0.043671
-0.080502
-0.040279
-0.143923
-0.025129
-0.132151
-0.036994
0.078880
-0.021832
0.061742
-0.173697
-0.090305
0.068209
-0.078958
-0.010699
-0.014831
-0.006119
0.005815
-0.027693
-0.119636
0.008635
-0.056520
0.083915
-0.007665
0.010313
-0.004326
0.019220
0.007626
0.093512
0.009022
-0.035950
-0.066534
-0.106395
-0.082390
0.010176
-0.036806
-0.162215
0.034915
-0.023017
0.023471
-0.106500
0.036757
0.045327
0.042611
-0.108742
-0.196793
-0.036155
-0.129258
0.026556
-0.050420
-0.083561
-0.016315
-0.052170
-0.004965
0.008033
-0.075961
-0.023008
0.066566
-0.080383
0.120820
-0.155974
0.062408
-0.032690
0.077004
0.009552
0.053850
-0.052661
-0.122150
-0.093338
0.021769
-0.050043
-0.005040
0.059544
-0.137637
0.067622
-0.070440
-0.104068
-0.124401
0.078973
-0.152975
-0.097945
0.032166
-0.103041
-0.078760
0.045643
-0.134232
-0.066710
-0.001201
-0.054347
-0.006941
-0.041536
-0.160041
-0.154611
-0.013150
-0.019304
-0.108485
0.037545
0.014747
-0.105863
0.012677
-0.103330
-0.068751
-0.006026
-0.035746
0.133761
0.075238
-0.095462
0.238790
-0.108883
0.026830
-0.081129
-0.113820
-0.010351
-0.115092
0.043205
-0.007143
-0.067846
0.022493
-0.005943
-0.057820
-0.096305
-0.133957
0.039200
0.034127
0.024222
-0.048234
-0.197150
-0.020257
-0.033342
-0.195094
-0.011797
0.073766
0.125332
-0.046588
0.078428
0.022399
-0.020131
-0.002724
-0.061272
-0.034566
-0.053731
0.084722
-0.183795
0.049514
-0.005855
0.142135
0.000652
0.038234
0.160589
0.101318
0.047858
-0.057565
0.102504
0.052049
0.102273
0.024803
0.057488
-0.079953
0.057592
0.062637
0.123502
-0.100385
0.054933
0.173935
0.115977
0.025896
-0.007368
0.083720
0.015002
0.026622
0.015735
-0.042529
0.044826
0.243947
0.100592
0.027053
-0.003372
0.004199
0.113364
0.297995
-0.150251
-0.046109
0.074292
0.107660
0.146391
0.053601
0.094921
-0.000846
-0.037647
0.165827
-0.005132
-0.013616
-0.067478
-0.121250
-0.113086
0.081128
-0.024370
0.075778
0.084956
0.119107
0.129127
0.068121
0.143858
-0.081646
-0.020715
0.096871
-0.110422
0.175862
0.212304
0.090477
-0.000332
-0.066619
0.045925
0.025425
0.071384
0.078579
0.190122
-0.004462
0.064470
0.116686
-0.024477
0.028410
0.049086
-0.009403
-0.005688
0.209995
-0.035636
-0.052950
0.083347
0.104348
0.064476
0.050485
0.040616
-0.062474
-0.045346
0.040987
0.041562
-0.040116
0.141839
0.086228
0.093071
0.096019
-0.133765
0.106918
0.111086
0.159110
-0.060218
0.022438
0.089849
-0.116989
0.046359
-0.083958
0.351711
0.097139
0.115257
0.128657
0.063044
0.239133
-0.001522
-0.026588
0.134989
-0.146089
-0.032046
-0.007228
0.115165
0.027777
0.020663
0.091117
-0.032286
-0.006332
0.157953
0.032176
0.093032
-0.027190
0.011204
0.136909
0.166060
0.166498
0.148441
0.048157
0.022726
-0.034543
0.130943
-0.069838
0.096648
0.117169
-0.049534
-0.037795
-0.204350
-0.192424
-0.099580
-0.047081
-0.367750
-0.001942
-0.067906
-0.053564
-0.273760
-0.163733
-0.190100
-0.067834
-0.162252
0.003603
-0.085526
-0.146264
-0.073483
-0.035285
-0.067989
-0.101550
-0.230659
-0.094014
-0.134080
-0.241135
-0.172944
-0.211018
-0.098656
-0.095173
-0.177334
-0.182187
-0.057768
-0.093459
0.028407
-0.166746
-0.133768
-0.027276
-0.188718
-0.149530
-0.134654
0.001512
-0.197748
-0.105879
-0.081176
0.013511
-0.069728
-0.173659
-0.218978
-0.146791
0.169179
-0.149499
-0.065334
0.097297
-0.172453
-0.089173
-0.089166
-0.190014
-0.127904
-0.199578
0.000333
-0.095369
-0.119985
-0.188383
-0.108837
-0.075794
-0.258200
-0.190320
-0.071448
0.014657
-0.114424
0.011458
-0.165078
-0.182775
-0.144926
-0.027715
-0.141034
-0.028029
-0.095201
-0.185480
-0.085459
-0.140343
-0.117069
-0.037202
-0.152316
-0.118442
-0.015649
-0.158667
-0.273898
0.030480
-0.022295
-0.065237
-0.094649
-0.079067
-0.081586
-0.117349
0.054967
-0.064506
-0.189427
-0.051233
0.009074
-0.082271
-0.155259
-0.039161
-0.078029
-0.238529
-0.104472
-0.074128
-0.071102
-0.193883
-0.048708
-0.179326
-0.194195
-0.213234
-0.217199
-0.192118
-0.033356
-0.024245
-0.035596
-0.096945
-0.155149
-0.181439
-0.162605
-0.019782
-0.175809
-0.041169
-0.101288
-0.120930
-0.110386
-0.211476
-0.140471
-0.091636
-0.142637
-0.125410
-0.115116
-0.046258
-0.271277
-0.184262
-0.125967
-0.136702
0.034647
-0.009578
-0.276198
0.025322
-0.002204
-0.569175
-0.695953
-0.609058
-0.779011
-0.728051
-0.752619
-0.624561
-0.694785
-0.590120
-0.699292
-0.690664
-0.656960
-0.755905
-0.683090
-0.742866
-0.748553
-0.788559
-0.634057
-0.634667
-0.797710
-0.753194
-0.693005
-0.648332
-0.684978
-0.751918
-0.771475
-0.657181
-0.728778
-0.735506
-0.679688
-0.746524
-0.544136
-0.717794
-0.770716
-0.769213
-0.762573
-0.645532
-0.639772
-0.680935
-0.728350
-0.748212
-0.668275
-0.701844
-0.736079
-0.689084
-0.696055
-0.761088
-0.767780
-0.821483
-0.545740
-0.723924
-0.728762
-0.733652
-0.658387
-0.641695
-0.716190
-0.661427
-0.753425
-0.736000
-0.711942
-0.627678
-0.852733
-0.902749
-0.754835
-0.804528
-0.685046
-0.678025
-0.767649
-0.745626
-0.696390
-0.719265
-0.669656
-0.754928
-0.613072
-0.684079
-0.639436
-0.682362
-0.518149
-0.668466
-0.674759
-0.762414
-0.792394
-0.756978
-0.648834
-0.668236
-0.761014
-0.662794
-0.747275
-0.757878
-0.632308
-0.766195
-0.803852
-0.677124
-0.737170
-0.776023
-0.728415
-0.794197
-0.755305
-0.705060
-0.772809
-0.867600
-0.766042
-0.738394
-0.685542
-0.656023
-0.681138
-0.566682
-0.827154
-0.788774
-0.647254
-0.743939
-0.620603
-0.725857
-0.762570
-0.762991
-0.669917
-0.545492
-0.558600
-0.592570
-0.704005
-0.753667
-0.732675
-0.650680
-0.665470
-0.570493
-0.652232
-0.786385
-0.693014
-0.799094
-0.644785
-0.595761
-0.682951
-0.850585
-0.738329
-0.638752
-0.683945
-0.608058
-0.635658
-0.651048
-0.526382
-0.723388
-0.766924
-0.812003
-0.739070
0.185638
0.228488
0.069981
0.131294
0.089058
0.051283
0.090154
0.231434
0.163876
0.285009
-0.081266
0.199142
0.232218
0.179332
0.091368
-0.013911
0.117109
0.068757
0.254717
0.041892
0.103077
-0.006701
0.097758
0.049071
0.054273
0.142888
0.073088
0.147650
0.027667
0.085314
0.123089
0.068616
0.043384
0.023204
0.220407
0.145184
0.270231
0.050091
0.212558
-0.020087
0.107700
0.074030
0.137307
0.019693
0.002781
0.328313
0.099317
0.023512
0.025059
0.205470
0.272032
0.021320
0.141573
0.216959
0.100090
-0.080174
0.058303
0.098405
0.039545
0.130815
0.007394
0.116755
0.061918
0.118416
0.187097
0.089229
0.124097
0.034091
0.150217
0.295547
0.266121
0.213921
0.170759
0.120182
0.055784
0.082015
0.087208
0.091198
0.231865
0.086876
0.044955
0.141299
0.090026
0.093785
-0.016571
0.177704
0.113752
0.018030
0.172376
0.165545
0.163739
0.136485
0.266940
0.098639
0.090590
0.159253
0.110546
0.086850
0.230893
0.124072
0.236738
0.263768
0.080066
0.041545
0.117916
0.106904
0.188272
0.157544
-0.025413
0.202720
0.140717
0.255780
0.146200
0.093801
0.059584
0.118395
0.093780
0.175099
0.101696
-0.012188
0.147064
0.088669
0.151985
0.129608
0.007055
0.110231
0.066321
0.206187
0.224342
0.166618
0.026054
0.093248
0.153748
-0.032232
0.051621
0.151029
-0.006921
0.039095
-0.027503
0.164737
0.175667
0.280184
0.069067
-0.012787
-0.157750
-0.312767
-0.307974
-0.444806
-0.231974
-0.222057
-0.269275
-0.503590
-0.244025
-0.431587
-0.363593
-0.367403
-0.419991
-0.493759
-0.399411
-0.387839
-0.320346
-0.295215
-0.439136
-0.312173
-0.349739
-0.543853
-0.435744
-0.504431
-0.200433
-0.394174
-0.223390
-0.346215
-0.398236
-0.423327
-0.359134
-0.335900
-0.408904
-0.300076
-0.336770
-0.413515
-0.361399
-0.383929
-0.271381
-0.475907
-0.487590
-0.230080
-0.193219
-0.277343
-0.405091
-0.462884
-0.480979
-0.444970
-0.424997
-0.348913
-0.442988
-0.319057
-0.264817
-0.509484
-0.432211
-0.322598
-0.327713
-0.196673
-0.361060
-0.320428
-0.391958
-0.424625
-0.246788
-0.352390
-0.290410
-0.417140
-0.281272
-0.512209
-0.476717
-0.350375
-0.392837
-0.483817
-0.417916
-0.328753
-0.326616
-0.389882
-0.368378
-0.367469
-0.348607
-0.355280
-0.452912
-0.320590
-0.427545
-0.280599
-0.423535
-0.325387
-0.281746
-0.379508
-0.347265
-0.410960
-0.373755
-0.417958
-0.358085
-0.380936
-0.369241
-0.363044
-0.580653
-0.343685
-0.504113
-0.449233
-0.299704
-0.316405
-0.320605
-0.378127
-0.407010
-0.445422
-0.295778
-0.477615
-0.360542
-0.328200
-0.351559
-0.340544
-0.268316
-0.265991
-0.377695
-0.270842
-0.372438
-0.345606
-0.430328
-0.442542
-0.221117
-0.377193
-0.391668
-0.281036
-0.334430
-0.463335
-0.330946
-0.178411
-0.245849
-0.213067
-0.379005
-0.278332
-0.398254
-0.457770
-0.355882
-0.278392
-0.390797
-0.325280
-0.424044
-0.393574
-0.417467
-0.294661
-0.491911
-0.445836
0.145084
0.177488
0.089206
0.150275
0.083210
0.089599
0.088861
0.273276
-0.081285
0.046248
0.064794
0.072132
0.307946
0.045780
0.262900
0.190325
0.172277
0.086294
0.199709
0.089760
0.147918
0.139469
0.289791
0.129998
0.028624
0.060719
-0.021085
0.220831
0.157822
0.174981
0.038728
0.115857
0.153712
0.078268
0.167860
0.176317
0.167834
0.098936
0.083531
0.113214
0.175966
0.062776
0.107085
0.146973
0.189608
0.195986
0.080286
0.169228
0.046842
0.168977
0.124340
0.208795
0.184522
0.116678
0.064056
0.052296
0.058567
0.115548
0.104967
0.183921
0.271745
0.020871
0.024694
0.143625
0.213859
0.165294
0.049685
0.119423
0.179401
0.155412
0.159736
0.128784
0.096243
0.046902
0.180865
0.033227
0.076528
0.140052
0.124302
0.128473
0.059052
0.262281
0.040858
0.143504
0.295921
0.260671
0.113410
0.097524
0.142194
0.145118
0.203174
0.181005
0.132314
0.182119
0.091349
0.169785
0.106126
0.172579
0.260186
0.194728
0.101341
0.026524
0.010526
-0.006131
0.076635
0.180228
0.074622
0.040698
0.204034
0.263290
0.119751
0.004701
0.000671
0.049883
0.182865
0.201756
0.140199
0.116826
0.173613
0.081967
-0.020922
0.113365
0.253293
0.174254
0.045565
0.177209
-0.004874
0.120677
0.191275
0.054067
0.081616
0.044991
0.227533
0.148996
0.200277
0.057506
0.108387
0.090212
0.107319
0.106287
0.097940
-0.014555
0.000019
0.165735
-0.124084
-0.183797
0.000759
-0.100646
0.021363
-0.213538
-0.174060
-0.195791
-0.045342
-0.103032
-0.019878
0.012051
-0.060037
-0.152145
-0.038938
-0.099191
-0.064488
-0.074199
-0.054091
-0.126931
-0.244006
-0.089326
-0.141229
-0.077687
-0.084579
-0.194683
-0.014965
-0.086748
-0.129451
-0.127657
-0.199837
-0.028553
-0.292327
-0.223581
-0.190849
0.003517
-0.110306
-0.159536
0.059074
-0.166635
-0.013245
-0.144237
-0.083560
-0.074396
-0.177168
-0.104699
-0.060081
-0.119923
-0.151420
-0.114239
-0.155018
0.040492
-0.165816
-0.072774
-0.051449
-0.149942
-0.038939
-0.159826
-0.065826
-0.060149
0.031249
-0.082100
-0.180562
-0.156843
-0.141189
-0.092977
-0.066509
-0.134704
-0.016685
-0.157472
-0.089499
-0.082032
-0.197226
-0.082379
-0.090987
-0.152740
-0.023909
-0.101396
-0.137889
-0.117515
-0.037603
-0.077699
-0.029672
-0.049641
0.071134
-0.085859
-0.142529
-0.214657
-0.093223
-0.143214
-0.227133
-0.137632
0.056903
-0.181726
0.063030
-0.172918
-0.101097
-0.130683
-0.165948
-0.235961
-0.115567
-0.046534
-0.142138
-0.143821
-0.088955
-0.115157
-0.188467
-0.046809
0.086167
-0.204234
-0.069567
-0.148813
0.007657
-0.044084
-0.006482
-0.169917
-0.092051
-0.079189
-0.231397
0.010460
-0.012733
-0.223173
0.065347
-0.107128
-0.151498
-0.101007
-0.113428
-0.128717
-0.192241
0.007423
-0.213675
-0.039890
-0.092843
-0.030000
-0.135316
-0.106731
-0.088990
-0.087155
-0.116650
-0.044665
-0.310981
-0.168723
-0.152909
-0.215316
0.350178
0.468517
0.447188
0.480878
0.374456
0.300599
0.445478
0.399650
0.540678
0.429799
0.500443
0.480114
0.376320
0.385421
0.474047
0.385491
0.292729
0.403151
0.418873
0.449241
0.390954
0.247430
0.396561
0.481496
0.437553
0.368277
0.518543
0.459590
0.515540
0.409894
0.359467
0.463630
0.408413
0.446852
0.361267
0.437508
0.380777
0.397753
0.368079
0.448681
0.286736
0.466358
0.418962
0.403737
0.441664
0.443765
0.383619
0.354655
0.286706
0.297786
0.473690
0.392763
0.491993
0.269999
0.323479
0.436082
0.518717
0.515915
0.502442
0.421509
0.555300
0.545955
0.340644
0.403313
0.452500
0.452950
0.421963
0.479314
0.310072
0.368659
0.417880
0.462840
0.454577
0.471371
0.456703
0.251057
0.436060
0.262785
0.348503
0.367894
0.530593
0.209939
0.363523
0.365003
0.249567
0.406263
0.369339
0.377505
0.366743
0.419297
0.412295
0.424598
0.402360
0.435099
0.259364
0.395321
0.333679
0.453348
0.327302
0.506707
0.513188
0.268500
0.441403
0.387266
0.271838
0.303276
0.473798
0.406302
0.437545
0.454880
0.416327
0.466158
0.359795
0.316512
0.309196
0.505420
0.387211
0.414117
0.502356
0.388357
0.361761
0.384595
0.210049
0.241274
0.392861
0.419039
0.381728
0.521292
0.432290
0.416183
0.288838
0.346418
0.360864
0.413544
0.311533
0.469555
0.440415
0.505964
0.427485
0.377772
0.382475
0.297789
0.331579
0.389008
-0.417744
-0.448692
-0.637787
-0.445739
-0.547385
-0.454963
-0.563679
-0.441740
-0.537159
-0.599860
-0.589709
-0.675816
-0.639216
-0.577198
-0.462594
-0.494553
-0.567820
-0.523548
-0.419525
-0.489992
-0.527862
-0.464475
-0.523099
-0.409213
-0.642528
-0.498801
-0.523213
-0.526569
-0.552479
-0.641072
-0.466122
-0.407984
-0.407563
-0.664804
-0.591406
-0.500414
-0.437140
-0.479513
-0.509864
-0.643898
-0.428150
-0.562134
-0.427845
-0.457586
-0.554042
-0.488638
-0.612620
-0.714039
-0.628599
-0.470655
-0.389871
-0.504749
-0.515372
-0.458088
-0.515697
-0.579176
-0.557750
-0.457465
-0.535981
-0.650067
-0.533932
-0.655937
-0.537266
-0.478863
-0.573053
-0.595574
-0.490415
-0.562681
-0.623418
-0.499420
-0.484906
-0.541944
-0.632665
-0.547139
-0.614202
-0.665285
-0.562510
-0.560066
-0.562907
-0.478048
-0.686097
-0.520198
-0.522444
-0.339952
-0.562695
-0.585240
-0.622584
-0.573336
-0.547402
-0.439848
-0.568036
-0.642713
-0.451258
-0.607154
-0.632233
-0.603650
-0.775191
-0.518788
-0.606116
-0.574469
-0.770396
-0.501564
-0.439243
-0.451744
-0.627415
-0.614911
-0.556397
-0.641490
-0.629515
-0.735290
-0.525733
-0.553492
-0.621107
-0.667424
-0.493046
-0.448796
-0.396350
-0.648207
-0.505878
-0.681441
-0.487347
-0.526081
-0.428795
-0.341725
-0.612845
-0.520914
-0.646801
-0.528098
-0.513313
-0.377724
-0.437177
-0.437744
-0.568229
-0.447573
-0.533847
-0.479860
-0.404884
-0.477271
-0.512280
-0.588072
-0.432351
-0.538560
-0.345091
-0.541306
0.259680
-0.053250
0.203132
0.157581
0.209614
0.272609
0.026284
0.116796
0.182671
0.248002
0.148575
0.099128
0.097488
-0.009986
0.134423
0.128201
0.217518
0.180506
0.123171
0.180588
0.187725
0.019610
0.298188
0.173329
0.036294
0.077835
0.208610
0.220827
0.137190
0.195035
0.200901
0.233307
0.128711
0.034611
0.155058
0.111448
0.098107
0.226612
-0.082067
0.210129
0.151347
0.219997
0.278474
0.173085
0.210007
0.201494
-0.005487
0.136387
0.015439
-0.027748
0.230121
0.196975
0.131607
0.172108
0.099904
0.195402
0.439959
0.160143
0.117401
0.116809
0.121118
0.104282
0.145875
0.332113
0.146739
0.254765
0.086001
0.150923
0.209555
0.184211
0.111902
0.091032
0.220159
0.216352
0.109446
0.288510
0.070226
0.099058
0.076006
0.096599
0.202754
0.001938
0.208308
0.145422
0.239783
0.199166
0.079693
0.096729
0.203352
0.027072
0.075562
0.148366
0.254806
0.117088
0.069998
0.074719
0.175746
0.094996
0.013347
0.118103
0.093114
0.118172
0.135483
0.162849
0.009147
0.056682
0.090415
0.105815
0.258816
0.164842
0.063628
0.133685
0.148733
0.272785
0.176039
0.265192
-0.057251
0.046803
0.074096
0.118223
0.249290
0.131326
0.071606
0.146972
0.138966
0.100357
0.093985
0.328493
0.142681
0.081200
0.069483
0.249596
0.159864
0.160734
0.166815
0.078523
0.222968
0.079862
0.176905
0.102306
0.160725
0.227817
0.064708
0.198080
-0.055153
-0.066964
-0.010122
0.092506
-0.081677
-0.184909
-0.007744
0.150096
-0.098403
-0.071664
-0.064192
-0.049163
0.113879
-0.150648
0.078611
-0.029697
-0.089284
-0.000353
0.030089
0.075596
0.008592
-0.165531
-0.155718
-0.077586
-0.124065
0.042893
0.037069
-0.142666
0.008470
0.012256
-0.062573
-0.001294
0.084434
-0.015033
0.136514
-0.138266
-0.034799
-0.153479
-0.180074
0.104404
0.062290
-0.128801
0.118837
0.006507
0.003868
0.026525
-0.037946
-0.018308
0.092454
0.054003
-0.014763
-0.055788
-0.036444
-0.091657
-0.007448
-0.089634
-0.048416
-0.088398
-0.096445
-0.021036
0.034236
0.119138
0.028090
0.085910
-0.025105
0.012767
-0.170878
0.000508
-0.034715
-0.086248
-0.192485
0.042770
-0.093886
0.018932
-0.074521
-0.078946
-0.128154
-0.021947
-0.132088
-0.048062
0.042539
0.014799
0.179549
-0.085396
-0.032558
0.060678
-0.090637
-0.085905
0.118682
0.071562
0.095534
0.030588
-0.029438
-0.096279
-0.093055
-0.001255
0.038525
0.043124
-0.095941
-0.008777
0.006250
0.006282
0.138602
-0.066222
-0.075545
-0.068147
-0.025976
0.121987
0.109667
0.003359
-0.038450
0.086842
-0.208168
0.108838
-0.026801
0.026773
-0.096767
0.132473
-0.128263
-0.105098
-0.149954
0.086333
0.042063
-0.195571
-0.036501
-0.202069
0.044990
0.093350
-0.104832
-0.019041
0.043810
-0.067262
0.058991
-0.041558
0.057565
-0.060452
-0.010533
-0.034763
0.010131
-0.040255
-0.027557
-0.025696
0.065572
0.120188
0.450110
0.476710
0.482067
0.511430
0.532411
0.380452
0.446138
0.275327
0.553826
0.539136
0.642288
0.496475
0.477710
0.464831
0.588198
0.482018
0.559670
0.460603
0.416474
0.531745
0.463937
0.643731
0.389621
0.545637
0.532524
0.451203
0.566719
0.504656
0.520075
0.376266
0.474242
0.459096
0.631030
0.339357
0.479417
0.506578
0.447541
0.549204
0.451885
0.533009
0.598837
0.399834
0.431116
0.518478
0.527457
0.582901
0.523239
0.460309
0.553865
0.465469
0.547154
0.416643
0.519044
0.452972
0.464752
0.553951
0.516967
0.528054
0.624483
0.470462
0.349033
0.367990
0.475703
0.521739
0.548735
0.433280
0.374018
0.605951
0.585695
0.492730
0.447945
0.506355
0.482623
0.568602
0.576296
0.411194
0.666551
0.476241
0.549964
0.550788
0.582748
0.474105
0.465864
0.529172
0.526919
0.389842
0.522693
0.481668
0.520782
0.432062
0.385165
0.444111
0.547457
0.512483
0.479640
0.479840
0.637569
0.521337
0.639690
0.382017
0.536430
0.444157
0.456423
0.580562
0.583227
0.573334
0.420011
0.646291
0.553561
0.354831
0.350570
0.495872
0.640580
0.518780
0.507573
0.385138
0.535651
0.280867
0.425996
0.645974
0.478338
0.593498
0.513118
0.406328
0.526404
0.523392
0.575378
0.488248
0.516994
0.394593
0.486194
0.438873
0.490517
0.553567
0.410967
0.421457
0.507513
0.424307
0.468796
0.439527
0.527237
0.373114
0.608548
0.433467
0.089208
0.213361
0.071752
0.175197
0.277431
0.192213
0.174374
0.094409
0.028982
0.142746
0.231983
0.162904
0.166153
0.163073
0.190668
0.232593
0.305832
0.148682
0.086022
0.258258
0.245940
0.154035
0.138203
0.017823
0.253843
0.111053
0.337287
0.157396
0.198159
0.162262
0.252553
0.234711
0.186195
0.220970
0.118741
0.188779
0.263953
0.093000
0.142174
0.352482
0.157879
0.249755
0.175908
0.280207
0.275977
0.078433
0.220439
0.175646
0.328217
0.101420
0.130448
0.193481
0.243001
0.135796
0.080211
0.264256
0.167354
0.246361
0.123011
0.126098
0.151974
0.146564
0.297696
0.141648
0.150456
0.162054
0.106159
0.267585
0.081085
0.178775
0.141286
0.038872
0.278632
0.186061
0.117754
0.161390
0.244639
0.134104
0.223142
0.209008
0.178130
0.252945
0.146907
0.135752
0.156613
0.236598
0.210328
0.106971
0.280711
0.114636
0.080425
0.281437
0.047016
0.059704
0.031920
0.290125
0.269501
0.239749
0.181244
0.077758
0.352277
0.285021
0.289524
0.010168
0.228941
0.095112
0.059509
0.231539
0.186739
0.164117
0.302343
0.118150
0.139207
0.199969
0.148133
0.178093
0.161800
0.132462
0.106919
0.326283
0.225567
0.296720
0.081186
0.123939
0.149400
0.072963
0.235879
0.148470
0.092969
0.240538
0.108628
0.192395
0.171863
0.253094
0.310095
0.209935
0.146931
0.220911
0.211439
0.118765
0.152061
0.180157
0.120740
0.284784
0.231269
0.207961
0.132732
0.183409
0.203100
0.033854
0.101198
0.136037
0.254893
0.146905
0.122739
0.096030
0.312064
0.263328
0.118803
0.204052
0.099468
0.124993
0.112668
0.073810
0.092084
0.049324
0.120611
0.043730
0.134098
0.218302
0.156890
0.094684
0.094425
0.103419
0.013900
0.067459
-0.059546
0.157624
0.051118
0.248764
0.136788
0.113015
0.175008
0.167618
0.183312
0.063261
0.126368
0.163495
0.163147
0.158649
0.176527
0.184319
0.020619
0.212440
0.179636
0.083566
0.128470
0.128754
0.219912
0.172341
0.026489
0.130621
0.025207
0.135699
0.148559
0.163652
0.241431
0.190771
0.060292
0.081304
0.177457
0.166525
0.187001
0.185022
0.266063
0.067190
0.122925
0.096620
0.219315
0.099603
0.004628
0.172565
0.164480
0.043986
0.039759
0.157093
0.116096
0.214111
0.086980
0.115172
0.099042
0.111130
0.248649
0.144335
0.123480
0.128830
0.099867
0.140612
0.093316
0.160792
0.159348
0.178147
0.157611
0.212464
0.273611
0.128786
0.140836
0.067734
0.167553
-0.076736
0.255468
0.170904
0.092738
0.181464
0.146524
0.173739
0.037857
0.073710
0.021392
0.078020
0.289280
0.121609
0.093997
0.102808
0.111502
-0.049791
0.196432
0.065598
0.024946
0.091526
0.123308
0.150216
0.129895
0.098347
0.165772
0.111715
0.141038
0.240574
0.165638
0.058058
0.088489
0.124418
-0.001150
-0.005053
0.104898
0.189042
0.206317
0.035747
-0.327057
-0.225536
-0.204708
-0.212749
-0.186099
-0.239208
-0.207096
-0.130946
-0.277248
-0.136027
-0.086775
-0.137790
-0.284157
-0.210954
-0.116980
-0.221307
-0.096287
-0.218195
-0.155724
-0.236765
-0.209798
-0.159383
-0.179397
-0.307826
-0.341128
-0.133390
-0.163794
-0.209970
-0.230230
-0.137063
-0.244657
-0.231629
-0.208335
-0.133677
-0.243713
-0.220837
-0.233719
-0.109423
-0.228084
-0.108218
-0.145576
-0.183103
-0.113704
-0.228413
-0.097852
-0.216902
-0.200098
-0.159620
-0.233486
-0.190277
-0.350584
-0.072489
-0.091039
-0.244739
-0.245054
-0.249741
-0.117355
-0.035959
-0.217304
-0.237442
-0.175176
-0.265322
-0.229260
-0.246047
-0.286692
-0.123848
-0.167434
-0.023428
-0.170329
-0.274966
-0.216757
-0.229975
-0.042173
-0.180003
-0.333826
-0.155199
-0.145118
-0.197480
-0.276924
-0.250460
-0.196918
-0.464648
-0.157382
-0.242550
-0.243926
-0.242597
-0.189768
-0.222908
-0.143526
-0.280268
-0.348479
-0.220859
-0.329420
-0.194750
-0.185310
-0.165669
-0.021289
-0.337487
-0.326384
-0.234395
-0.170290
-0.216799
-0.234860
-0.037003
-0.214808
-0.147505
-0.316188
-0.246990
-0.162713
-0.396044
-0.207287
-0.105923
-0.220424
-0.160174
-0.207685
-0.178327
-0.236609
-0.218595
-0.212398
-0.190229
-0.302499
-0.224480
-0.178298
-0.233453
-0.157268
-0.031543
-0.103948
-0.232635
-0.162058
-0.166140
-0.292584
-0.123872
-0.138247
-0.168748
-0.210702
-0.201433
-0.048358
-0.114894
0.015793
-0.288586
-0.240307
-0.180942
-0.071306
-0.217875
