0.222519
0.121628
0.302202
0.152059
0.173260
0.170318
0.166818
0.197923
0.112111
0.226271
0.150550
0.175100
0.118148
0.188633
0.221784
0.133900
0.238272
0.148467
0.208429
0.182441
0.234321
0.179642
0.182403
0.232857
0.157445
0.161079
0.162294
0.140273
0.150072
0.207284
0.190339
0.202317
0.156730
0.173122
0.197108
0.157867
0.175943
0.216083
0.146291
0.192928
0.180393
0.195981
0.158159
0.243194
0.140611
0.151484
0.190063
0.189570
0.171663
0.176754
0.164510
0.176937
0.206435
0.162464
0.119758
0.213583
0.141802
0.144867
0.167812
0.182134
0.100238
0.187906
0.266997
0.199996
0.126087
0.150979
0.176239
0.250306
0.249440
0.137295
0.199583
0.185443
0.184437
0.216962
0.139981
0.190085
0.114577
0.208826
0.149597
0.153173
0.181080
0.192269
0.228519
0.161815
0.178296
0.170389
0.239948
0.232574
0.180113
0.186528
0.169527
0.178910
0.148875
0.220834
0.155867
0.133288
0.236509
0.221651
0.212356
0.155635
0.250285
0.113686
0.191255
0.171712
0.157215
0.123671
0.106869
0.148126
0.151403
0.231795
0.177658
0.117140
0.143985
0.273441
0.156193
0.227453
0.139456
0.207527
0.196498
0.147326
0.157919
0.205030
0.173175
0.166552
0.196201
0.142047
0.206052
0.195595
0.182351
0.260431
0.152127
0.222024
0.175781
0.094786
0.130867
0.180386
0.209034
0.168687
0.183625
0.147049
0.114503
0.168100
0.116826
0.201918
-0.147000
-0.193111
-0.125229
-0.143300
-0.094393
-0.212783
-0.171067
-0.141468
-0.174719
-0.163774
-0.187382
-0.136731
-0.131027
-0.149041
-0.130833
-0.097738
-0.092871
-0.158324
-0.151713
-0.189733
-0.133735
-0.086543
-0.104743
-0.115551
-0.134265
-0.171372
-0.178085
-0.162946
-0.104850
-0.187365
-0.120929
-0.202868
-0.112342
-0.147849
-0.134417
-0.146044
-0.121177
-0.150673
-0.159726
-0.102543
-0.173101
-0.083953
-0.173389
-0.141202
-0.160664
-0.105747
-0.168156
-0.103485
-0.155633
-0.119898
-0.178499
-0.116256
-0.153885
-0.076655
-0.131009
-0.156635
-0.105156
-0.104954
-0.152220
-0.118284
-0.128612
-0.117208
-0.111733
-0.149980
-0.115049
-0.132373
-0.152456
-0.219881
-0.146436
-0.113407
-0.193630
-0.133764
-0.109563
-0.192467
-0.181712
-0.145655
-0.131389
-0.144907
-0.146053
-0.142382
-0.137012
-0.126968
-0.161882
-0.135504
-0.187662
-0.181614
-0.138902
-0.167387
-0.216192
-0.202735
-0.122389
-0.184016
-0.135257
-0.107237
-0.168525
-0.075420
-0.103946
-0.208231
-0.182606
-0.175166
-0.085999
-0.172954
-0.118462
-0.127645
-0.126266
-0.139684
-0.123729
-0.117003
-0.185906
-0.182351
-0.132463
-0.160802
-0.147740
-0.151860
-0.141994
-0.144695
-0.106064
-0.180063
-0.190090
-0.092323
-0.141516
-0.171563
-0.138950
-0.145449
-0.173628
-0.160478
-0.138641
-0.131529
-0.170934
-0.127573
-0.175411
-0.099417
-0.154744
-0.121426
-0.156318
-0.118896
-0.156098
-0.203557
-0.146715
-0.155506
-0.118069
-0.104059
-0.075045
-0.142680
0.054691
-0.028825
0.029793
0.036534
0.039344
0.011175
-0.015157
0.039775
0.027491
0.001713
0.003998
0.069580
0.031864
0.059718
-0.008438
-0.010700
0.052987
-0.020304
0.034105
-0.002371
-0.020225
-0.031299
0.074309
0.029060
0.006325
-0.004528
0.036346
0.055607
-0.001107
0.094462
0.004556
0.057627
-0.024343
0.047744
0.006716
0.069791
-0.000533
-0.027001
0.005024
0.016404
0.049846
-0.041755
-0.007794
0.002717
0.052509
-0.013012
0.032306
0.085602
-0.014122
0.039155
0.024928
0.009255
0.062877
0.060274
0.030863
-0.014030
0.011698
0.035818
0.012434
0.013666
0.015600
0.070029
-0.002077
0.048279
-0.012892
0.057402
0.024134
0.024436
0.040444
-0.007477
0.028508
0.048079
0.030471
0.020626
0.024693
0.036141
0.057079
0.004936
-0.001036
0.023990
0.029297
0.023232
0.038879
0.019263
0.054884
0.011150
0.003052
0.032780
0.094770
0.032569
0.003191
0.001455
0.004581
0.037984
-0.043913
0.016891
-0.008782
0.015817
0.002442
0.056719
0.004656
0.076160
0.023752
0.004208
-0.027688
0.009304
0.033802
0.008670
0.045720
-0.016000
-0.009795
0.024356
0.021527
0.049966
0.013696
-0.014706
0.054345
0.069370
0.003147
0.064141
0.107012
-0.060486
0.048004
0.017979
0.037066
-0.009623
0.040556
0.047809
0.013173
-0.013689
0.035772
0.031021
0.046219
0.077706
0.024647
-0.006307
0.006692
0.063391
-0.014448
0.065965
0.059263
0.022653
0.027313
0.072897
-0.015838
0.070868
0.034681
0.069361
0.078863
0.088748
-0.014828
-0.032794
0.035474
-0.001695
-0.031125
0.050329
0.065695
0.019902
0.008941
0.007320
0.002005
0.035481
-0.004001
0.046586
-0.012296
0.076066
-0.000839
-0.002210
0.015013
0.002118
0.021497
0.028371
-0.031269
-0.020253
0.044068
0.056848
0.037263
-0.001894
0.020965
0.021647
0.041581
-0.001968
0.050027
0.052091
0.012544
0.032992
0.034520
0.017644
0.026498
0.026347
0.019611
-0.072864
0.070472
0.009925
0.032110
0.005908
0.021900
-0.006548
0.028814
-0.005027
0.013598
-0.016992
0.056714
0.002275
0.018084
0.040152
0.006929
0.012029
0.013664
0.007982
0.035195
0.021865
0.022790
0.030927
0.101282
-0.019617
-0.015222
0.027504
0.019567
-0.001591
0.003920
0.069681
0.036718
0.021452
0.041518
0.057572
0.033698
0.033311
0.041913
0.022303
0.003364
0.004501
0.104706
0.022071
-0.031986
0.045826
0.044009
0.028926
-0.033596
0.009227
0.020257
0.058038
-0.021251
0.058929
0.003924
0.015499
0.048504
0.041184
-0.011946
0.001504
0.063659
0.066866
-0.009645
0.007376
0.032980
0.002017
0.019813
0.022111
0.020331
0.020265
0.068214
0.037245
0.041087
0.034086
0.033425
-0.040609
-0.012825
0.032344
0.025688
0.042434
0.036354
-0.009085
0.074907
0.010447
0.048842
-0.000775
0.047570
0.037010
0.057420
0.014799
0.009871
-0.023738
-0.011158
0.070801
0.067976
0.040691
0.027610
0.054896
0.055110
0.083187
0.084621
0.089136
0.083190
0.159441
0.086003
0.073818
0.109429
0.033008
0.008958
0.089905
0.024308
0.056790
0.092707
0.045930
0.033971
0.073847
0.016299
0.104303
0.008364
0.059095
0.096984
0.044419
0.036827
0.079181
0.107667
0.106968
0.044013
0.089101
0.055127
0.145806
0.085296
0.035580
0.073082
0.082593
0.052012
0.041920
0.031890
0.000480
0.078616
0.012309
0.079191
0.061326
0.070365
0.057051
0.042037
0.060979
0.091465
0.039497
0.126156
0.032587
0.077959
0.071965
0.074126
0.055762
0.055802
0.040837
0.100007
0.029452
0.034415
0.051234
0.055126
0.069473
0.042079
0.077175
0.074553
0.116993
0.124032
0.082009
0.103266
0.074729
0.077882
0.112430
0.083110
0.097333
0.094014
0.055208
0.004277
0.056093
0.047556
0.090659
0.083288
0.043570
0.101572
0.076463
0.057382
0.086901
0.143660
0.104896
0.030846
0.084629
0.043670
0.033865
0.019750
-0.010396
0.039227
0.103630
0.064516
0.135891
0.040178
0.111818
0.092070
0.054944
0.044260
0.103129
0.090441
0.083731
0.066462
0.056056
0.085444
0.125933
0.105969
0.080222
0.067312
0.051515
0.115473
0.121815
0.107498
0.042460
0.112535
0.060010
0.063886
0.056021
0.122998
0.063463
0.091993
0.046764
0.067524
0.051975
0.075726
0.060373
0.075410
0.045597
0.068370
0.053829
0.060736
0.033912
0.041719
0.098066
0.062846
0.050602
0.036332
0.067558
0.068715
0.022805
0.101567
0.078307
0.064144
0.032937
0.035022
0.109005
0.112142
0.052702
0.075789
0.086329
0.058078
0.100370
0.102814
0.129381
0.138174
0.066690
0.059182
0.023018
0.076049
0.112645
0.047061
0.085330
0.101046
0.039222
0.070450
0.127910
0.100279
0.093748
0.086170
0.116823
0.138290
0.126395
0.074487
0.092553
0.114748
0.063665
0.083534
0.119558
0.051043
0.070230
0.062388
0.083141
0.120635
0.080784
0.066360
0.063393
0.122002
0.105243
0.067712
0.097412
0.090173
0.136063
0.121552
0.081672
0.108307
0.153909
0.066392
0.102584
0.075635
0.112468
0.099143
0.078177
0.069329
0.065494
0.087776
0.098010
0.147949
0.077527
0.058836
0.133372
0.074322
0.066943
0.114609
0.085409
0.134864
0.063137
0.121281
0.059879
0.113083
0.094462
0.048006
0.044068
0.087119
0.083337
0.059623
0.054931
0.016912
-0.005936
0.001600
0.060520
0.080186
0.105741
0.080231
0.161578
0.126467
0.103858
0.084053
0.059563
0.146947
0.084090
0.110584
0.075750
0.069561
0.076866
0.085932
0.097822
0.103198
0.066535
0.085242
0.058407
0.061005
0.115874
0.100680
0.061036
0.145485
0.057994
0.084865
0.079236
0.081268
0.070496
0.093110
0.101313
0.110237
0.079563
0.123375
0.084470
0.081156
0.127664
0.056961
0.120893
0.091886
0.084346
0.089135
0.092633
0.039542
0.044290
0.060010
0.058134
0.115493
0.066457
0.166923
0.113842
0.008013
0.028155
-0.048948
-0.030256
-0.038001
-0.002209
0.041164
0.021731
0.042361
-0.004627
0.113901
-0.000285
0.025951
-0.029417
0.018304
-0.063914
-0.024465
0.028505
0.018116
-0.035814
-0.081680
-0.084037
0.009453
0.037228
0.014549
0.060640
0.067500
0.020989
0.066205
0.035043
0.010751
-0.012387
-0.066112
0.046587
-0.012507
0.062593
-0.030054
-0.018170
-0.048182
-0.057240
0.030538
-0.068570
-0.035203
-0.013176
-0.031194
-0.053561
0.007339
0.069125
-0.014157
0.037281
0.040028
0.042090
0.041497
-0.021407
0.007603
0.004280
0.008366
-0.018752
-0.018545
-0.037335
0.022941
-0.019259
-0.068971
-0.027336
-0.027575
-0.051002
-0.019714
-0.028879
-0.053767
-0.014314
-0.030114
0.036920
0.038808
0.007334
0.034361
0.027251
0.090472
-0.025938
-0.021486
0.050285
-0.036004
-0.012040
-0.018177
-0.013149
-0.000078
0.031531
-0.030572
-0.026465
-0.007848
0.045383
-0.003216
0.013610
0.021942
-0.013560
-0.021023
0.009575
-0.109115
-0.037133
0.044779
0.000498
-0.010879
0.072889
-0.023500
-0.013897
0.030826
0.057428
-0.019791
0.019300
0.049393
-0.014318
-0.078374
-0.032801
0.037176
-0.027505
-0.026441
-0.043942
-0.017786
0.000359
0.053988
0.006443
0.018504
0.036798
0.014234
-0.017754
0.002788
-0.014456
0.002573
0.012186
-0.040839
-0.066305
0.011909
0.009059
-0.032232
0.064714
-0.014336
-0.034273
0.019255
0.071840
0.019787
-0.018495
0.005983
-0.031893
-0.030551
-0.027566
0.198253
0.171110
0.192091
0.176781
0.183085
0.196308
0.157648
0.155020
0.148663
0.211766
0.227950
0.168109
0.146030
0.139201
0.160291
0.088190
0.138537
0.138466
0.214878
0.162379
0.214564
0.114465
0.118113
0.176143
0.152791
0.177846
0.168917
0.089203
0.127529
0.197059
0.182564
0.195951
0.082373
0.186150
0.099994
0.168034
0.138694
0.201472
0.179631
0.161301
0.206575
0.163785
0.144175
0.149851
0.153371
0.133966
0.183472
0.158755
0.167090
0.188800
0.130130
0.143774
0.171565
0.070911
0.084745
0.118333
0.135627
0.120858
0.154704
0.119694
0.162034
0.146374
0.125795
0.201953
0.123181
0.129152
0.118820
0.219735
0.151444
0.105271
0.138376
0.144400
0.141558
0.154634
0.147597
0.135580
0.126393
0.170234
0.167793
0.190519
0.151009
0.163941
0.190653
0.183896
0.155127
0.162256
0.193810
0.215680
0.179876
0.203400
0.179177
0.161366
0.170521
0.158453
0.216635
0.154950
0.101369
0.186146
0.263574
0.166159
0.122634
0.204570
0.119750
0.138215
0.129365
0.155405
0.100290
0.145983
0.232447
0.190898
0.132496
0.157056
0.162934
0.129056
0.142068
0.168048
0.155809
0.169912
0.212954
0.159214
0.144831
0.150172
0.151954
0.154606
0.168070
0.151224
0.176773
0.218880
0.192334
0.180492
0.198084
0.113992
0.125339
0.168898
0.114371
0.139410
0.191324
0.222805
0.217739
0.177084
0.143362
0.114209
0.087255
0.150690
0.013127
0.111399
0.076477
0.090164
0.046362
0.078445
0.089708
0.081293
0.101588
0.030730
0.137132
0.056700
0.058545
0.060159
0.087251
0.013871
0.030739
0.098970
0.062523
0.035110
0.039206
0.074918
0.018630
0.038003
0.076159
0.090435
0.098381
0.055316
0.097232
0.050409
0.067588
0.028953
0.072193
0.111726
0.026673
0.107191
0.077787
0.052900
0.046049
0.032056
0.080677
0.036018
0.005977
0.005348
0.021245
0.062102
0.059095
0.060186
0.111355
0.090540
0.093661
0.078998
0.084777
0.034477
0.078105
0.050901
0.058279
0.028426
0.083583
0.062394
0.061613
0.049208
0.024543
0.064950
0.050490
0.003032
0.060072
0.108185
0.028711
0.046079
0.058220
0.050204
0.120779
0.078754
0.105914
0.038083
0.126915
0.064119
0.099267
0.064104
0.045904
0.068317
0.034459
0.081747
0.068496
0.085987
0.048895
0.050605
0.025469
0.071497
0.029032
0.066429
0.086348
0.062863
0.043996
0.099203
0.057113
0.095857
0.070258
0.080646
0.068592
0.062134
0.077609
0.066392
0.105039
0.066511
0.068208
0.149618
0.120966
0.102577
0.041743
-0.005013
0.126479
0.067774
0.061871
0.042115
0.114102
0.036385
0.146611
0.015456
0.064681
0.067168
-0.003162
0.069091
0.085905
0.087112
0.097956
0.074464
0.044235
0.030326
0.075426
0.027102
0.035502
0.073737
0.030781
0.065464
0.052263
0.064057
0.056599
0.010392
0.071017
0.012872
0.097919
0.037269
0.124971
0.077269
0.167740
0.068710
0.059189
0.036115
0.120540
0.155357
0.058910
0.128899
0.117888
0.096307
0.063357
0.126842
0.143613
0.106627
0.131409
0.098410
0.122690
0.102626
0.132764
0.108170
0.128231
0.107672
0.077651
0.109375
0.121036
0.069243
0.117799
0.109130
0.085913
0.068983
0.094087
0.094863
0.128480
0.120861
0.069045
0.133709
0.066397
0.060637
0.132305
0.140957
0.091417
0.096622
0.063052
0.090493
0.122465
0.177173
0.079140
0.084248
0.144361
0.084071
0.134516
0.130922
0.083592
0.130793
0.087790
0.068853
0.103652
0.164190
0.026057
0.100982
0.171319
0.092810
0.094062
0.127223
0.083796
0.136073
0.122814
0.052381
0.074160
0.112642
0.163040
0.143099
0.083583
0.097780
0.097859
0.095095
0.078981
0.071776
0.095394
0.080691
0.075388
0.064812
0.088954
0.098305
0.137099
0.137077
0.026586
0.111102
0.109125
0.066361
0.074665
0.096578
0.119877
0.074033
0.152346
0.153848
0.152737
0.112980
0.146643
0.028367
0.117252
0.075977
0.110726
0.096824
0.058264
0.068112
0.109888
0.127299
0.127773
0.098001
0.090660
0.154099
0.121170
0.101058
0.060509
0.101667
0.107828
0.055434
0.089660
0.161383
0.099466
0.095792
0.119877
0.067273
0.136261
0.135221
0.059934
0.159614
0.075461
0.120069
0.079273
0.044616
0.051405
0.129071
0.134795
0.108481
0.100078
0.091309
0.056796
0.095601
0.086947
0.085869
-0.081023
-0.048870
-0.083034
-0.049406
-0.058012
-0.064136
-0.001910
-0.041094
-0.075412
-0.034372
-0.028812
-0.135480
-0.002686
0.011379
-0.083691
-0.036259
-0.060672
-0.056122
-0.008471
-0.077339
-0.031391
-0.030810
0.033461
0.029107
-0.000430
-0.064223
-0.107728
-0.019509
0.034374
-0.000682
-0.051168
-0.158295
-0.028859
-0.008396
-0.001592
-0.045294
-0.003750
-0.059307
-0.043279
0.030968
-0.059196
-0.060743
-0.079938
-0.021340
-0.058751
-0.008600
-0.016165
0.026899
-0.118590
-0.019675
-0.078616
0.023188
-0.076753
-0.061677
-0.021538
0.003917
-0.050179
-0.020282
-0.070387
0.023132
0.025380
-0.017645
-0.041519
-0.018692
-0.016917
-0.097615
-0.008924
-0.095806
-0.105909
0.005532
-0.021630
-0.026523
-0.075912
-0.094376
-0.040784
-0.039591
-0.047076
-0.065759
-0.034071
-0.049528
-0.080731
-0.103943
-0.017058
0.046280
-0.036658
-0.016754
-0.033359
-0.056802
-0.030789
-0.054209
0.038095
-0.056519
-0.014661
-0.007265
-0.069169
-0.035531
-0.024197
-0.112152
-0.113336
-0.119851
-0.017006
-0.053308
-0.113605
-0.002212
0.022698
-0.076245
0.010296
0.014021
-0.037745
0.063620
-0.101779
-0.073789
0.010360
-0.023912
-0.088281
-0.051420
-0.109594
-0.061688
-0.092122
-0.042857
-0.022438
-0.034024
-0.027227
-0.033779
-0.138174
-0.036353
-0.084762
-0.031879
-0.079720
-0.119468
-0.051720
-0.033765
0.008911
-0.028202
-0.002450
-0.029228
-0.028909
0.034712
-0.055058
-0.092545
-0.057468
-0.032226
-0.026050
-0.051289
0.083661
0.085324
0.121411
0.091075
0.124075
0.074854
0.135510
0.142738
0.092575
0.062716
0.098575
0.106492
0.051865
0.109597
0.166660
0.069246
0.082588
0.111757
0.085260
0.042976
0.019277
0.139286
0.107277
0.096597
0.094147
0.126484
0.137780
0.099505
0.152368
0.076127
0.088549
0.052404
0.108234
0.077602
0.140312
0.126088
0.045295
0.080149
0.000516
0.012991
0.111997
0.068478
0.066176
0.078805
0.030083
0.123671
0.045459
0.176660
0.098248
0.092234
0.173940
0.098279
0.148084
0.139943
0.109292
0.117647
0.092921
0.057285
0.096324
0.115658
0.014996
0.079098
0.136383
0.068713
0.072254
0.089608
0.081434
0.094395
0.097783
0.102270
0.056031
0.100376
0.192600
0.130852
0.080063
0.114982
0.160177
0.066508
0.035329
0.095494
0.045729
0.126545
0.058894
0.070338
0.078112
0.092209
0.094955
0.094171
0.044442
0.098647
0.085929
0.094536
0.085761
0.108605
0.048907
0.071775
0.105887
0.089287
0.091596
0.133471
0.147789
0.064631
0.147962
0.067823
0.140952
0.146578
0.085247
0.137230
0.076606
0.083252
0.098757
0.101321
0.146592
0.124934
0.083826
0.089890
0.112063
0.098975
0.137694
0.042269
0.116512
0.151227
0.067327
0.071720
0.118833
0.091726
0.146062
0.087951
0.016882
0.116523
0.061341
0.124573
0.065667
0.066551
0.065153
0.118527
0.092393
0.028292
0.051892
0.085723
0.059147
0.097544
0.108432
0.068595
-0.016123
-0.069696
-0.054881
-0.048616
-0.019678
-0.077605
-0.121496
-0.047844
-0.016169
-0.059690
-0.039735
0.028809
-0.050604
-0.065133
-0.020210
-0.045654
-0.027170
-0.058645
-0.052953
-0.095972
-0.104001
-0.066902
-0.131452
-0.091393
-0.059551
-0.066437
0.004391
-0.031947
-0.088747
-0.035351
-0.022990
0.062084
-0.094453
-0.050358
-0.044250
-0.024661
-0.110841
-0.072037
-0.051897
-0.068977
-0.054570
-0.060755
-0.015971
-0.041626
-0.007822
-0.052586
-0.104887
-0.102837
-0.028833
-0.050613
-0.032717
-0.056751
0.005800
-0.038657
-0.029502
-0.058869
-0.031686
-0.044212
-0.086167
-0.099228
-0.093124
-0.032488
-0.053827
-0.078665
-0.105164
-0.040936
-0.084562
-0.056806
-0.000547
-0.094687
-0.036619
-0.052238
-0.083050
-0.062293
-0.017733
-0.036448
-0.036817
-0.067429
-0.032777
-0.028976
-0.023735
0.003630
-0.055664
-0.122334
-0.067657
-0.061474
-0.101393
-0.069306
-0.051177
-0.091996
-0.146527
-0.025133
-0.084556
-0.039325
-0.045473
-0.037964
-0.091622
-0.051928
-0.015689
-0.020489
-0.030511
-0.020781
-0.029877
-0.084727
-0.103651
-0.013391
-0.095155
-0.104549
-0.060556
-0.122395
-0.016697
-0.016566
-0.104423
-0.054025
-0.059706
-0.046717
-0.018955
-0.051740
-0.049012
-0.026328
-0.042169
-0.028437
-0.032175
-0.056179
-0.006620
-0.026897
-0.025038
-0.081738
-0.036083
0.024903
-0.052119
-0.035011
-0.049722
-0.027322
-0.023057
-0.091901
-0.072360
-0.094634
-0.054378
0.007315
-0.000854
-0.047668
-0.043808
-0.015152
-0.113244
-0.081698
-0.080618
-0.070998
-0.032650
-0.099540
-0.137059
-0.114952
-0.160155
-0.097535
-0.203718
-0.105872
-0.069222
-0.057055
-0.114033
-0.054513
-0.108829
-0.116006
-0.076938
-0.094244
-0.095030
-0.012150
-0.120539
-0.119618
-0.118528
-0.155287
-0.123901
-0.114473
-0.124927
-0.151836
-0.107944
-0.117733
-0.046961
-0.145940
-0.085985
-0.144938
-0.121175
-0.075174
-0.065792
-0.050366
-0.083707
-0.053088
-0.101091
-0.088174
-0.067730
-0.079293
-0.113423
-0.132371
-0.068212
-0.124030
-0.101548
-0.131876
-0.120356
-0.113058
-0.145943
-0.102649
-0.086664
-0.115377
-0.038805
-0.052369
-0.132640
-0.080018
-0.029321
-0.130911
-0.077942
-0.052659
-0.087194
-0.095367
-0.095186
-0.089784
-0.070894
-0.155486
-0.079305
-0.129604
-0.155010
-0.131888
-0.087120
-0.061733
-0.136918
-0.099703
-0.083675
-0.115350
-0.125492
-0.091478
-0.100862
-0.136500
-0.068500
-0.098618
-0.093395
-0.160456
-0.111332
-0.124709
-0.077672
-0.124471
-0.107463
-0.044890
-0.032186
-0.078675
-0.178688
-0.095493
-0.110582
-0.165990
-0.067205
-0.105419
-0.106577
-0.141188
-0.015103
-0.064678
-0.146831
-0.120393
-0.027389
-0.074027
-0.116228
-0.070597
-0.048793
-0.067885
-0.098704
-0.093216
-0.112014
-0.116511
-0.132114
-0.152563
-0.112501
-0.068216
-0.118709
-0.082723
-0.083509
-0.100048
-0.086326
-0.064009
-0.111383
-0.121715
-0.094863
-0.091522
-0.052564
-0.028386
-0.140735
-0.180538
-0.197411
-0.060597
-0.098536
-0.058429
-0.017356
-0.058805
-0.050192
-0.023004
0.001086
0.010122
0.025179
0.035392
0.006000
-0.029452
-0.014195
-0.052470
-0.050682
0.051472
-0.071962
-0.044870
0.037991
-0.028331
-0.051149
-0.017700
-0.019449
0.000296
-0.024184
0.056018
-0.096711
-0.060099
0.009531
0.018459
-0.017363
-0.072335
-0.074484
-0.084184
-0.019027
0.005565
0.015485
-0.035500
-0.086007
-0.079746
0.015738
-0.020427
-0.029746
-0.024689
-0.011580
-0.007779
-0.007599
-0.042815
-0.013433
0.005167
-0.051567
-0.109626
0.037168
-0.016053
-0.017506
-0.087725
-0.029530
-0.030244
-0.037925
-0.069091
-0.019071
-0.045167
-0.009729
-0.071382
-0.036531
-0.057450
-0.036877
0.003353
-0.007005
-0.005618
-0.032157
0.056331
0.001899
0.029812
-0.041607
-0.038430
-0.015759
0.005326
-0.035728
-0.035856
-0.070328
-0.025288
0.032071
0.003335
-0.035574
0.025657
-0.030044
0.005202
-0.028128
-0.014504
0.003123
-0.017536
-0.019904
-0.015247
-0.032414
-0.006805
0.003848
0.014638
0.017652
-0.026250
-0.031489
-0.015190
0.041536
0.047335
-0.016478
-0.015269
0.030282
-0.015445
-0.041503
0.003129
-0.063597
0.030085
-0.009447
-0.020311
-0.002456
-0.023796
0.011460
-0.023516
-0.046905
-0.017667
0.076103
-0.017187
0.025263
-0.059333
-0.052589
-0.014315
-0.091058
-0.045663
0.011141
-0.004912
0.021293
-0.040031
0.035037
0.032817
0.001353
-0.037667
-0.050309
-0.071179
-0.056089
-0.009526
-0.029818
-0.093818
0.011288
-0.012865
-0.069138
-0.024268
-0.028931
-0.033339
-0.135756
-0.186004
-0.153853
-0.141007
-0.164151
-0.159098
-0.215509
-0.163623
-0.113571
-0.171015
-0.186913
-0.099547
-0.189101
-0.173101
-0.166509
-0.186958
-0.120324
-0.167773
-0.193292
-0.187147
-0.210514
-0.159170
-0.226422
-0.213444
-0.159543
-0.156507
-0.131226
-0.131535
-0.208165
-0.161229
-0.164801
-0.057721
-0.166069
-0.188699
-0.166568
-0.152175
-0.176271
-0.176413
-0.169445
-0.183626
-0.166072
-0.184231
-0.135811
-0.181872
-0.121795
-0.184161
-0.182340
-0.213207
-0.099684
-0.172779
-0.139681
-0.199345
-0.135093
-0.153043
-0.154906
-0.175121
-0.158320
-0.168168
-0.157639
-0.194868
-0.186139
-0.167869
-0.182996
-0.190580
-0.196317
-0.145303
-0.169718
-0.124333
-0.114118
-0.206924
-0.159104
-0.160585
-0.186022
-0.130941
-0.126890
-0.165696
-0.153714
-0.156432
-0.166209
-0.171830
-0.127588
-0.130244
-0.180187
-0.229109
-0.149032
-0.169662
-0.186216
-0.180190
-0.157189
-0.211705
-0.261923
-0.158605
-0.183235
-0.193271
-0.160060
-0.156529
-0.166768
-0.089605
-0.101831
-0.146814
-0.184734
-0.135837
-0.161176
-0.187461
-0.233558
-0.152013
-0.188817
-0.206731
-0.158109
-0.219435
-0.168766
-0.158691
-0.223025
-0.181108
-0.136148
-0.178241
-0.095872
-0.125236
-0.139538
-0.162700
-0.152485
-0.184434
-0.156687
-0.164073
-0.087970
-0.165891
-0.114912
-0.176602
-0.154100
-0.114070
-0.151116
-0.180082
-0.156542
-0.157124
-0.162499
-0.178723
-0.179230
-0.223835
-0.190686
-0.105109
-0.125360
-0.174291
-0.148212
-0.116223
-0.133695
-0.128762
-0.158804
-0.147247
-0.171569
-0.145085
-0.123628
-0.112356
-0.216665
-0.183735
-0.183593
-0.170952
-0.202055
-0.184325
-0.183223
-0.175813
-0.251502
-0.143946
-0.135550
-0.101511
-0.164292
-0.165427
-0.227193
-0.232481
-0.212238
-0.163751
-0.178237
-0.220990
-0.186308
-0.185122
-0.212707
-0.219555
-0.144221
-0.221100
-0.164904
-0.198147
-0.193547
-0.169580
-0.157483
-0.164185
-0.124233
-0.111436
-0.203620
-0.209856
-0.194067
-0.165039
-0.154038
-0.244792
-0.164159
-0.217206
-0.191796
-0.177147
-0.208358
-0.247145
-0.228318
-0.191923
-0.176137
-0.235947
-0.120700
-0.170358
-0.151951
-0.221452
-0.184584
-0.196485
-0.166183
-0.152938
-0.176439
-0.114061
-0.202251
-0.126768
-0.121416
-0.236957
-0.210111
-0.154239
-0.167234
-0.128195
-0.242415
-0.119944
-0.127599
-0.142654
-0.211342
-0.227257
-0.156449
-0.171679
-0.143913
-0.184023
-0.147256
-0.156996
-0.118682
-0.177768
-0.141482
-0.211719
-0.149189
-0.193128
-0.178082
-0.257229
-0.140719
-0.214136
-0.174543
-0.140238
-0.221900
-0.174777
-0.171291
-0.149601
-0.179232
-0.205500
-0.166280
-0.152675
-0.169744
-0.112454
-0.200425
-0.194860
-0.110712
-0.172863
-0.167965
-0.107676
-0.122786
-0.182301
-0.165431
-0.213453
-0.248135
-0.169023
-0.203487
-0.148455
-0.176036
-0.131112
-0.182252
-0.156693
-0.110333
-0.190716
-0.167713
-0.253665
-0.163374
-0.216811
-0.172326
-0.168645
-0.191669
-0.187748
-0.168108
-0.211601
-0.206919
-0.199805
-0.190489
-0.203579
-0.338892
-0.208668
-0.219862
-0.223619
-0.218739
-0.217423
-0.225359
-0.252747
-0.299066
-0.337300
-0.324248
-0.261931
-0.288474
-0.298098
-0.169953
-0.236507
-0.339509
-0.260986
-0.261587
-0.184316
-0.235948
-0.176377
-0.217977
-0.299869
-0.285735
-0.274168
-0.277489
-0.352917
-0.267681
-0.318700
-0.245775
-0.331839
-0.194908
-0.247678
-0.324731
-0.289733
-0.211270
-0.233692
-0.245649
-0.242521
-0.224076
-0.181214
-0.316131
-0.299765
-0.287381
-0.230892
-0.242839
-0.318976
-0.213635
-0.262218
-0.288457
-0.286265
-0.315777
-0.257460
-0.296930
-0.326230
-0.263142
-0.278196
-0.176885
-0.252594
-0.255991
-0.299288
-0.258575
-0.216702
-0.225542
-0.248800
-0.279552
-0.215756
-0.237859
-0.248128
-0.234601
-0.286646
-0.217192
-0.283228
-0.309055
-0.294211
-0.296196
-0.251061
-0.214448
-0.225824
-0.301453
-0.266829
-0.282992
-0.191780
-0.264190
-0.277870
-0.220580
-0.203963
-0.307361
-0.200087
-0.234937
-0.295186
-0.225542
-0.245002
-0.268750
-0.272747
-0.245077
-0.224982
-0.185069
-0.191499
-0.227291
-0.297477
-0.206236
-0.251209
-0.223732
-0.280232
-0.242521
-0.180975
-0.246225
-0.212679
-0.197017
-0.260093
-0.180050
-0.248757
-0.297429
-0.266831
-0.171848
-0.268467
-0.233506
-0.299278
-0.272437
-0.284106
-0.347736
-0.249136
-0.260045
-0.259210
-0.215577
-0.205073
-0.197114
-0.254705
-0.238162
-0.285323
-0.283195
-0.287438
-0.316774
-0.244549
-0.254188
-0.277736
-0.191503
-0.310048
-0.285321
-0.285929
-0.234468
-0.330632
-0.199389
-0.149338
-0.092679
-0.130063
-0.133173
-0.093654
-0.130572
-0.226341
-0.190686
-0.100013
-0.134555
-0.193070
-0.154741
-0.124747
-0.178443
-0.239225
-0.158168
-0.181226
-0.140127
-0.132031
-0.058105
-0.137107
-0.124452
-0.098477
-0.137014
-0.130301
-0.215680
-0.224005
-0.199097
-0.182793
-0.150685
-0.214041
-0.183108
-0.134431
-0.198879
-0.180241
-0.090066
-0.133317
-0.146589
-0.140795
-0.148988
-0.173893
-0.177066
-0.178776
-0.212349
-0.144255
-0.105193
-0.119542
-0.170080
-0.125571
-0.170676
-0.199682
-0.164591
-0.213841
-0.204021
-0.189158
-0.220842
-0.205451
-0.155541
-0.147260
-0.172600
-0.138950
-0.160485
-0.067858
-0.145480
-0.203479
-0.149993
-0.109497
-0.211241
-0.161789
-0.167478
-0.177578
-0.122307
-0.133265
-0.197748
-0.236832
-0.212140
-0.136340
-0.162093
-0.204141
-0.163294
-0.141814
-0.122117
-0.053311
-0.157744
-0.139704
-0.097100
-0.115210
-0.111792
-0.075408
-0.080680
-0.143066
-0.127918
-0.121232
-0.141377
-0.156286
-0.145543
-0.090870
-0.137453
-0.158902
-0.194497
-0.197032
-0.174602
-0.140344
-0.156056
-0.209358
-0.173227
-0.091289
-0.118954
-0.043471
-0.179391
-0.220367
-0.134401
-0.150466
-0.181053
-0.167958
-0.201921
-0.139269
-0.115116
-0.179499
-0.136429
-0.191335
-0.216069
-0.170818
-0.194768
-0.190403
-0.154183
-0.123522
-0.155348
-0.191059
-0.122513
-0.187759
-0.184588
-0.195312
-0.216652
-0.129650
-0.113907
-0.097416
-0.141963
-0.153230
-0.213286
-0.155441
-0.228102
-0.161176
-0.436244
-0.374467
-0.444768
-0.419402
-0.503144
-0.416686
-0.393829
-0.416083
-0.391441
-0.460710
-0.441048
-0.389848
-0.390249
-0.465086
-0.433339
-0.421351
-0.392528
-0.338735
-0.473778
-0.414534
-0.459689
-0.415658
-0.441430
-0.497298
-0.401792
-0.372312
-0.375461
-0.384456
-0.409440
-0.475037
-0.473938
-0.452517
-0.393342
-0.456942
-0.420461
-0.398146
-0.410488
-0.448587
-0.428127
-0.471372
-0.456550
-0.414461
-0.432749
-0.451073
-0.454408
-0.461473
-0.433266
-0.461616
-0.380961
-0.455154
-0.390684
-0.425520
-0.421822
-0.379322
-0.370985
-0.412620
-0.395936
-0.455487
-0.389092
-0.427989
-0.380867
-0.452720
-0.444020
-0.508584
-0.373569
-0.374666
-0.357326
-0.416455
-0.463253
-0.407489
-0.365579
-0.459091
-0.372903
-0.346480
-0.371419
-0.408025
-0.378641
-0.362520
-0.427968
-0.444174
-0.373107
-0.427766
-0.453787
-0.469028
-0.394808
-0.426393
-0.440016
-0.487268
-0.433406
-0.425177
-0.448827
-0.430267
-0.431353
-0.480115
-0.508779
-0.423557
-0.377730
-0.427462
-0.457238
-0.413004
-0.443017
-0.445957
-0.367475
-0.376356
-0.400602
-0.432927
-0.368823
-0.407128
-0.464983
-0.458027
-0.427325
-0.503987
-0.414097
-0.420450
-0.351174
-0.434121
-0.364849
-0.419044
-0.417553
-0.406815
-0.438553
-0.449050
-0.456456
-0.461978
-0.392272
-0.426355
-0.421268
-0.502783
-0.448331
-0.489864
-0.435961
-0.425582
-0.419053
-0.400069
-0.448066
-0.418714
-0.447214
-0.519504
-0.479121
-0.460444
-0.388280
-0.439503
-0.364636
-0.413651
-0.051396
-0.105779
-0.029770
-0.099593
-0.106067
-0.073644
-0.038344
-0.041412
-0.075923
-0.043385
-0.099497
-0.027184
-0.081245
-0.086911
-0.083867
-0.067840
-0.012437
-0.084027
-0.068251
-0.072598
-0.045514
-0.126545
-0.026109
0.000725
-0.073393
-0.053623
-0.045643
-0.044983
-0.061543
-0.049651
-0.084294
-0.036217
-0.079453
-0.046532
-0.072901
-0.069974
-0.058658
-0.073869
-0.065281
-0.047088
-0.094966
-0.061964
-0.073654
-0.020840
-0.044561
-0.087610
-0.054790
-0.082153
-0.086872
-0.047215
-0.065854
-0.062547
-0.057633
-0.064417
-0.054392
-0.008782
-0.056662
-0.073765
-0.103244
-0.093795
-0.054768
-0.044606
-0.055776
-0.073980
-0.061267
-0.067490
-0.050383
-0.052773
0.005451
-0.040145
-0.058021
-0.037249
-0.104051
-0.049797
-0.060128
-0.008364
-0.099815
-0.043528
-0.053767
-0.068898
-0.072702
-0.057928
-0.006274
-0.119134
-0.048998
-0.053463
-0.032646
-0.078921
-0.040388
-0.060200
-0.062998
-0.027609
-0.081943
-0.063013
-0.126465
-0.097563
-0.052499
-0.117780
-0.088713
-0.097439
-0.046563
-0.090507
-0.086392
-0.033197
-0.091515
-0.055425
-0.090221
-0.072876
-0.079840
-0.085820
-0.066994
-0.096222
-0.097979
-0.006902
-0.096053
-0.015374
-0.082751
-0.036048
-0.071980
-0.047058
-0.074179
-0.036747
-0.049209
-0.109635
-0.048526
-0.071364
-0.065408
-0.094882
-0.082409
-0.037235
-0.103251
-0.024533
-0.031125
-0.089065
-0.060482
-0.081731
-0.036433
-0.073459
-0.084271
-0.076699
-0.091379
-0.037141
-0.105236
-0.069361
-0.187974
-0.156079
-0.107207
-0.144351
-0.106633
-0.186312
-0.121756
-0.117276
-0.184529
-0.174064
-0.153750
-0.125137
-0.138400
-0.111804
-0.100203
-0.083252
-0.142859
-0.142034
-0.125392
-0.152532
-0.085473
-0.116997
-0.116457
-0.147527
-0.143380
-0.150809
-0.142220
-0.171674
-0.117202
-0.181787
-0.158058
-0.234573
-0.106946
-0.094842
-0.172938
-0.145189
-0.142202
-0.150707
-0.141513
-0.155905
-0.149531
-0.128965
-0.193689
-0.157387
-0.167329
-0.084313
-0.181619
-0.090914
-0.176933
-0.119581
-0.146405
-0.147115
-0.122598
-0.064638
-0.112934
-0.155357
-0.123005
-0.122736
-0.144447
-0.118083
-0.175060
-0.102073
-0.082605
-0.104671
-0.096115
-0.093114
-0.126307
-0.148941
-0.149643
-0.095688
-0.169113
-0.162950
-0.015689
-0.167014
-0.173542
-0.160492
-0.091667
-0.153696
-0.117857
-0.156038
-0.143853
-0.126778
-0.150360
-0.102855
-0.167996
-0.170573
-0.127774
-0.135789
-0.191550
-0.114841
-0.080163
-0.143925
-0.151498
-0.087062
-0.176398
-0.069225
-0.076044
-0.213874
-0.237848
-0.104541
-0.091008
-0.217281
-0.047156
-0.126960
-0.067261
-0.146030
-0.100410
-0.061139
-0.159554
-0.133522
-0.039988
-0.153599
-0.077291
-0.068448
-0.139601
-0.117165
-0.131519
-0.178168
-0.155281
-0.143741
-0.132832
-0.138942
-0.206229
-0.149884
-0.167473
-0.118634
-0.138257
-0.155010
-0.176666
-0.139043
-0.183944
-0.108653
-0.172896
-0.142405
-0.164555
-0.098237
-0.187681
-0.179797
-0.180420
-0.205034
-0.165049
-0.111901
-0.056873
-0.165474
-0.195724
-0.135146
-0.250686
-0.165762
-0.243184
-0.181124
-0.157059
-0.145084
-0.114491
-0.226245
-0.163017
-0.182879
-0.181167
-0.204484
-0.221714
-0.211880
-0.236037
-0.144471
-0.209356
-0.204302
-0.298208
-0.138490
-0.226105
-0.265301
-0.152187
-0.148216
-0.151231
-0.108248
-0.124440
-0.168074
-0.205171
-0.201439
-0.149378
-0.211591
-0.135837
-0.133886
-0.198207
-0.233074
-0.212515
-0.213827
-0.193646
-0.224617
-0.205696
-0.229472
-0.187479
-0.184792
-0.172515
-0.220466
-0.159307
-0.220769
-0.131255
-0.147458
-0.187827
-0.220327
-0.132347
-0.155583
-0.168956
-0.162256
-0.173797
-0.182869
-0.149120
-0.229687
-0.238132
-0.261556
-0.206925
-0.237202
-0.153078
-0.182089
-0.231534
-0.171614
-0.126259
-0.196667
-0.231097
-0.158759
-0.090952
-0.126798
-0.159452
-0.200446
-0.166632
-0.205223
-0.195424
-0.159905
-0.222939
-0.192454
-0.163946
-0.166389
-0.248296
-0.226502
-0.187530
-0.221648
-0.249390
-0.188458
-0.189699
-0.254243
-0.206573
-0.246482
-0.191601
-0.173064
-0.184271
-0.192170
-0.194739
-0.158578
-0.208500
-0.177465
-0.177085
-0.165309
-0.158234
-0.176996
-0.174129
-0.199241
-0.254755
-0.212015
-0.171232
-0.213602
-0.189958
-0.169632
-0.152271
-0.183979
-0.172287
-0.223896
-0.178456
-0.157266
-0.174654
-0.172067
-0.166905
-0.129771
-0.179691
-0.224815
-0.218952
-0.234109
-0.173853
-0.214896
-0.145666
-0.189151
-0.140235
-0.222497
-0.179711
-0.208248
-0.179425
-0.191843
-0.148922
-0.211259
-0.166773
-0.188063
-0.076810
-0.006027
-0.050050
-0.062979
-0.093340
-0.061896
-0.007022
-0.030066
-0.053420
-0.047438
-0.026087
-0.097938
-0.013053
-0.025419
0.014107
0.002048
-0.035040
-0.006037
-0.026255
-0.041416
-0.090250
0.012307
-0.019409
0.021081
-0.013947
-0.046702
-0.039231
-0.043018
0.021720
-0.054483
-0.006262
-0.065700
0.007758
-0.026458
-0.015050
-0.053086
0.025708
-0.027398
-0.055488
0.032093
-0.018775
0.025457
-0.026362
-0.017330
-0.039537
-0.071724
-0.022567
-0.048095
-0.020135
-0.026104
-0.020184
0.014396
-0.069259
-0.062698
-0.038047
0.007605
-0.011733
-0.045492
-0.016778
0.032419
0.004850
-0.053328
-0.037842
-0.078125
-0.019674
-0.105045
-0.061731
-0.057773
-0.047130
-0.016286
-0.036493
0.011798
-0.078803
-0.063835
-0.045602
-0.020924
-0.033431
-0.057565
-0.008936
0.007223
-0.074598
-0.116469
-0.079539
-0.029472
-0.049268
0.025204
-0.027358
-0.092710
-0.111308
-0.102125
-0.066217
-0.084950
0.025076
-0.016903
-0.018752
-0.011398
-0.060727
-0.021000
0.014549
-0.074909
0.024156
-0.030057
-0.082622
-0.008264
-0.006506
-0.031080
-0.027586
0.020481
-0.023709
0.036544
-0.084351
-0.071679
-0.002547
-0.029618
-0.074589
-0.093187
-0.040358
-0.075522
-0.036774
-0.064882
-0.078547
0.010675
-0.002178
-0.021360
-0.082076
-0.065871
-0.019835
-0.020546
-0.012570
-0.032864
-0.029492
-0.010859
-0.019231
-0.046658
-0.014773
-0.007949
-0.003348
-0.003189
-0.003890
-0.062313
-0.050844
-0.052522
-0.007992
-0.057056
-0.107851
-0.094311
-0.093651
-0.102794
-0.134566
-0.074147
-0.148170
-0.169688
-0.087537
-0.124854
-0.189537
-0.052620
-0.141079
-0.200563
-0.121879
-0.171901
-0.068210
-0.087953
-0.186613
-0.101178
-0.139616
-0.118092
-0.174676
-0.177274
-0.138557
-0.099123
-0.082185
-0.114513
-0.186062
-0.181057
-0.112502
-0.025383
-0.129288
-0.187959
-0.121967
-0.141060
-0.116094
-0.110166
-0.122674
-0.159196
-0.168066
-0.102901
-0.076696
-0.103706
-0.122890
-0.140632
-0.156536
-0.230152
-0.040656
-0.147941
-0.107638
-0.147245
-0.123281
-0.128013
-0.121099
-0.096580
-0.120412
-0.172811
-0.100718
-0.200217
-0.129589
-0.161790
-0.125340
-0.169903
-0.132271
-0.113483
-0.103042
-0.098055
-0.079213
-0.153154
-0.075196
-0.165748
-0.132109
-0.062582
-0.101096
-0.124443
-0.173204
-0.059624
-0.147839
-0.132660
-0.073721
-0.058205
-0.093282
-0.184449
-0.124291
-0.139521
-0.119193
-0.145277
-0.110859
-0.131570
-0.188366
-0.064591
-0.157337
-0.168618
-0.162006
-0.154377
-0.101084
-0.078234
-0.127824
-0.129813
-0.147473
-0.151852
-0.113340
-0.104251
-0.165355
-0.131426
-0.153541
-0.175054
-0.197407
-0.192590
-0.092174
-0.162056
-0.205506
-0.144340
-0.099558
-0.078653
-0.086642
-0.094894
-0.099969
-0.104994
-0.132976
-0.131141
-0.151309
-0.160191
-0.047475
-0.111425
-0.134156
-0.195318
-0.115909
-0.087952
-0.119770
-0.130544
-0.123505
-0.146375
-0.140142
-0.150197
-0.110223
-0.244421
-0.134709
-0.106627
-0.102701
-0.112089
-0.149015
-0.101138
0.086123
0.147681
0.010716
0.041766
0.087800
0.100949
0.076220
0.037424
0.079564
0.055162
0.056592
0.092073
0.088774
-0.037264
0.146054
0.106519
0.023851
0.118514
0.032061
0.141434
0.024959
0.044709
0.056879
0.052505
0.020766
0.081491
0.117574
0.057460
0.061224
0.009737
0.113752
0.127435
0.059572
0.020699
0.100062
0.041358
0.031681
0.111629
0.087677
0.036688
0.066047
0.135850
0.150021
0.127268
0.078922
0.061865
0.048135
-0.025501
0.112421
0.040843
0.072169
0.088896
0.045073
0.080401
0.057005
0.086545
0.095965
0.035756
0.100629
0.003704
0.077953
0.003894
0.070014
0.013832
0.074710
0.100089
0.036762
-0.008942
0.102564
0.069280
0.097998
0.068818
0.040730
0.071537
0.044997
0.078418
0.037244
0.103431
0.051191
0.163347
0.067204
0.076837
0.067936
0.005172
0.049992
0.059587
0.055636
0.067100
0.051218
0.121332
0.065399
0.131879
0.081090
0.046292
0.090509
0.024080
0.005610
0.045077
0.129178
0.093665
0.068682
0.078759
0.081000
0.059405
0.080787
0.126104
0.037500
-0.020859
-0.011979
-0.022063
0.124263
0.142189
0.018061
-0.002230
0.061733
0.087567
0.044221
0.057969
0.056726
0.101888
0.029484
0.135667
0.076970
0.062923
0.087548
0.089821
0.025826
0.039016
0.130289
0.105449
0.076420
0.085205
0.051599
0.086001
0.096352
0.034114
0.085820
0.034189
0.128588
0.090816
0.085664
0.099295
0.014479
0.018136
0.117264
0.167468
0.172936
0.219973
0.177188
0.184324
0.186645
0.170411
0.145735
0.137365
0.100474
0.139924
0.141769
0.226714
0.132466
0.160865
0.144055
0.119591
0.188645
0.143579
0.193829
0.259544
0.199037
0.130395
0.174545
0.119526
0.132063
0.126689
0.145080
0.172179
0.128061
0.119108
0.204145
0.162150
0.120166
0.146931
0.181704
0.187671
0.177888
0.185389
0.202030
0.171272
0.144864
0.103420
0.191005
0.190959
0.184041
0.199877
0.184488
0.160847
0.178376
0.103439
0.117849
0.139141
0.140181
0.141438
0.142402
0.197548
0.202980
0.242856
0.164379
0.160893
0.165853
0.204732
0.201087
0.191773
0.172160
0.247294
0.161991
0.134291
0.132540
0.138148
0.179558
0.151819
0.138854
0.139443
0.158108
0.126274
0.152977
0.127748
0.142109
0.169283
0.127537
0.237487
0.176607
0.168545
0.215609
0.211488
0.127875
0.127328
0.182920
0.113075
0.172934
0.121260
0.207429
0.178830
0.201642
0.229202
0.135321
0.180522
0.138296
0.152878
0.153845
0.148716
0.163942
0.136520
0.213743
0.222065
0.237785
0.199932
0.192630
0.217768
0.205401
0.167637
0.189867
0.157740
0.197103
0.161284
0.184703
0.108284
0.192582
0.105211
0.166675
0.159439
0.162462
0.151310
0.189796
0.217305
0.133564
0.159309
0.191368
0.125585
0.169712
0.147155
0.139073
0.223737
0.188337
0.160728
0.159153
0.185246
0.135686
0.138695
0.212621
0.160912
-0.021179
-0.029735
-0.043910
-0.059917
-0.087446
-0.020548
-0.059419
-0.076140
-0.065244
0.008547
-0.035759
-0.035271
-0.012692
-0.077808
-0.051360
-0.066951
-0.037352
-0.066713
-0.035152
-0.063035
-0.007203
-0.094109
-0.055401
-0.006492
-0.091509
-0.096114
-0.021870
-0.060834
-0.092649
-0.013847
-0.055495
0.023986
-0.124153
-0.032757
-0.067665
-0.022454
-0.084522
-0.026663
-0.002980
-0.035329
-0.036996
-0.031827
-0.022389
-0.027641
-0.013194
-0.112196
-0.012072
-0.065813
-0.064221
-0.041933
-0.045076
-0.075471
-0.055408
-0.115545
-0.093744
-0.059869
-0.054234
-0.075171
-0.073971
-0.060084
-0.040224
-0.036595
-0.056929
-0.071934
-0.073311
-0.054086
-0.066370
-0.029649
-0.021264
-0.103577
-0.008103
-0.030883
-0.123965
-0.034513
-0.039538
-0.057916
-0.076513
-0.028895
-0.081613
-0.043171
-0.017048
-0.044991
-0.033135
-0.086051
-0.036995
-0.031153
-0.021997
-0.035190
-0.026950
-0.043667
-0.056175
-0.043554
-0.047114
-0.093808
-0.041344
-0.074592
-0.103558
-0.062134
-0.023213
-0.048525
-0.081066
-0.026228
-0.088943
-0.056859
-0.117143
-0.053658
-0.065370
-0.100851
-0.005901
-0.042223
-0.042538
-0.023506
-0.106569
-0.064576
-0.039675
-0.059042
-0.104254
-0.077678
-0.049922
-0.015017
-0.048547
-0.047076
-0.002086
-0.099908
-0.071792
-0.084346
-0.086212
-0.053798
-0.034236
-0.044365
-0.032367
-0.047246
-0.055154
-0.033085
-0.051620
-0.069715
-0.005960
-0.015056
-0.042225
0.012860
-0.038550
-0.065093
-0.131084
-0.036964
0.026839
0.114273
0.061705
0.119114
0.147296
0.123450
0.095266
0.080883
0.114143
0.036001
0.032274
0.081983
0.081900
0.110676
0.077838
0.105535
0.036000
0.096602
0.045927
0.062373
0.026879
0.111124
0.100541
0.047778
0.084114
0.096583
0.109394
0.084423
0.080209
0.054172
0.072531
0.088940
0.101925
0.039014
0.109917
0.090937
0.041046
0.055254
0.066765
0.042956
0.077260
0.088171
0.108486
0.047796
0.068266
0.149472
0.015012
0.065082
0.097621
0.054651
0.141011
0.055297
0.094657
0.081206
0.128644
0.090302
0.079150
0.039985
0.089001
0.100665
0.058868
0.090441
0.060094
0.071147
0.108304
0.104057
0.070186
0.072499
0.093695
0.102553
0.090136
0.029914
0.074623
0.069732
0.087726
0.101393
0.110237
0.064045
0.067201
0.071517
0.031426
0.094480
0.077897
0.051388
0.085751
0.089385
0.060096
0.066265
0.120557
0.070505
0.053682
0.094295
0.067114
0.060180
0.042446
0.042727
0.070717
0.090748
0.049528
0.125470
0.054220
0.090776
0.095960
0.079169
0.094724
0.150334
0.136686
0.146899
0.076283
0.081032
0.130377
0.177084
0.151982
0.066512
0.090250
0.073359
0.132723
0.108687
0.111648
0.055916
0.090792
0.098880
0.074480
0.069857
0.107654
0.107582
0.135277
0.056289
0.050914
0.086446
0.068456
0.052695
0.110926
0.086265
0.106966
0.104052
0.073410
0.018100
0.027818
0.133728
0.101415
0.086517
0.111443
0.052688
0.149024
0.119386
0.130528
0.143402
0.144076
0.158314
0.154875
0.117452
0.187134
0.188664
0.133663
0.143833
0.136814
0.161681
0.117217
0.132094
0.178579
0.139532
0.132698
0.132961
0.120185
0.184637
0.158236
0.163573
0.212911
0.205888
0.135437
0.197942
0.179119
0.152247
0.171485
0.173536
0.164366
0.112522
0.183236
0.129160
0.187428
0.130616
0.102665
0.138016
0.114241
0.091856
0.178837
0.165008
0.158297
0.179669
0.122236
0.209075
0.118405
0.149952
0.180641
0.156028
0.150381
0.140778
0.170789
0.187490
0.166984
0.198586
0.118768
0.128791
0.163490
0.146546
0.149714
0.150391
0.149451
0.099338
0.167811
0.128193
0.107353
0.203169
0.122962
0.165319
0.161027
0.137766
0.191676
0.168115
0.153125
0.086028
0.097898
0.099962
0.152333
0.188415
0.158111
0.203089
0.105655
0.162089
0.129711
0.115013
0.148770
0.119296
0.163687
0.158931
0.125357
0.132791
0.202072
0.163269
0.134386
0.146791
0.137335
0.103010
0.140453
0.170061
0.101396
0.160854
0.155162
0.180709
0.154243
0.160325
0.126584
0.171781
0.129429
0.158502
0.133201
0.128123
0.136750
0.153507
0.107255
0.176482
0.131692
0.149708
0.177675
0.195499
0.186034
0.152732
0.135529
0.159882
0.126398
0.106436
0.087196
0.142689
0.153912
0.169255
0.148291
0.121134
0.180512
0.155193
0.170870
0.139544
0.163277
0.173269
0.127094
0.186084
0.145705
0.179812
0.196861
0.263992
0.221502
0.209762
0.184610
0.114659
0.198661
0.219068
0.253277
0.158656
0.219591
0.194988
0.182563
0.182852
0.194246
0.178315
0.149431
0.183992
0.165431
0.074315
0.142152
0.166699
0.203590
0.295147
0.178685
0.148336
0.185637
0.204852
0.209605
0.158267
0.092661
0.145261
0.192168
0.178541
0.168533
0.199418
0.076053
0.168957
0.178411
0.159229
0.237780
0.085288
0.150880
0.169140
0.217832
0.241014
0.123789
0.159265
0.103359
0.194637
0.177502
0.120530
0.219660
0.168490
0.168875
0.233280
0.162530
0.225214
0.261874
0.152003
0.259108
0.177221
0.152235
0.186920
0.195078
0.161096
0.206698
0.190257
0.199903
0.159008
0.220161
0.182096
0.169271
0.249539
0.166068
0.150906
0.173741
0.157140
0.162982
0.190660
0.214081
0.121061
0.175319
0.180689
0.158158
0.123384
0.179210
0.162657
0.177441
0.216767
0.153146
0.126524
0.218232
0.235667
0.150847
0.139136
0.193034
0.199386
0.214779
0.246449
0.143037
0.086867
0.141923
0.190556
0.118350
0.199651
0.230758
0.178087
0.247457
0.110888
0.123575
0.208997
0.112637
0.143564
0.119286
0.176530
0.190125
0.096161
0.194666
0.183771
0.134038
0.143119
0.170642
0.078195
0.163934
0.193270
0.169227
0.162712
0.259574
0.109931
0.180393
0.096468
0.166438
0.197777
0.160195
0.166734
0.189195
0.169892
0.135652
0.106702
0.168863
0.133293
0.271102
0.143224
-0.127911
-0.201389
-0.112668
-0.161704
-0.135000
-0.125387
-0.167407
-0.160310
-0.086841
-0.096837
-0.174568
-0.163360
-0.190397
-0.183967
-0.162564
-0.182301
-0.174722
-0.140945
-0.166234
-0.108287
-0.156978
-0.148436
-0.121394
-0.130107
-0.138100
-0.101611
-0.149981
-0.138844
-0.150177
-0.139990
-0.080136
-0.078371
-0.165923
-0.181877
-0.199373
-0.162169
-0.109384
-0.113172
-0.178198
-0.167443
-0.112081
-0.089794
-0.128795
-0.161441
-0.184345
-0.186026
-0.121114
-0.163128
-0.168802
-0.186967
-0.123218
-0.146202
-0.223920
-0.133470
-0.099641
-0.137482
-0.105579
-0.154752
-0.139326
-0.121560
-0.128360
-0.148436
-0.108718
-0.146142
-0.135184
-0.076603
-0.123672
-0.141897
-0.161270
-0.210022
-0.128910
-0.152582
-0.142855
-0.059555
-0.123318
-0.120879
-0.134143
-0.147073
-0.203813
-0.164710
-0.145236
-0.231655
-0.116540
-0.129417
-0.120725
-0.174695
-0.104035
-0.158512
-0.157599
-0.154444
-0.143830
-0.208982
-0.108591
-0.151774
-0.142932
-0.193118
-0.150297
-0.187682
-0.182222
-0.186317
-0.174455
-0.123400
-0.142502
-0.067530
-0.153568
-0.163073
-0.141203
-0.134009
-0.119702
-0.127203
-0.132670
-0.129306
-0.069537
-0.105794
-0.127327
-0.174029
-0.145859
-0.120600
-0.136739
-0.157871
-0.149296
-0.152838
-0.158520
-0.133782
-0.126374
-0.115710
-0.166216
-0.132879
-0.160066
-0.140037
-0.140888
-0.097258
-0.181176
-0.149380
-0.131539
-0.122969
-0.095644
-0.136353
-0.096015
-0.150163
-0.159418
-0.104305
-0.121688
-0.183081
-0.008654
0.050778
-0.008922
0.020184
-0.028842
0.012763
0.033186
-0.045510
0.063118
0.071146
-0.003576
0.032811
0.077146
-0.010161
0.076219
0.043297
-0.016352
0.043148
0.029968
0.038060
-0.028345
0.073527
0.027012
0.059948
0.073347
0.028550
-0.019427
-0.010992
0.014088
-0.007347
-0.009000
-0.001925
0.042118
0.008535
0.049661
0.019084
-0.015815
0.050333
0.042560
0.061698
-0.004785
0.054085
0.023371
0.022733
-0.017187
0.002912
0.095263
0.043606
0.029368
-0.009727
0.059093
-0.000553
0.012216
0.036292
0.071251
-0.003403
-0.010047
-0.011391
0.033327
0.026743
0.026942
0.041992
-0.028139
0.043115
0.000478
0.002074
0.053619
-0.016024
-0.012187
0.034472
-0.009626
0.028927
0.003307
-0.028959
0.078212
-0.041010
0.025441
0.041592
0.015285
0.014387
0.036398
0.040037
0.002339
0.048635
0.025328
0.014706
0.027591
0.083693
0.006102
0.042099
0.079689
0.005648
-0.006011
0.072987
0.001890
-0.006892
-0.001854
0.013385
0.026152
0.029327
0.047608
-0.000755
0.047506
0.046193
0.081600
0.033944
0.065304
0.029941
0.025813
0.032140
0.003541
-0.010248
0.064012
0.049157
0.013449
0.005105
0.068788
0.032978
0.033329
-0.025772
-0.027390
0.039549
0.017851
0.062266
0.048367
0.054266
0.026629
0.028624
-0.017623
0.046693
0.051666
-0.019625
0.063670
0.040881
0.010309
0.029121
0.023555
0.038494
0.014974
0.040083
0.075494
0.020160
0.003566
-0.017048
0.003699
0.058669
-0.012878
0.010575
0.057507
0.025944
0.056610
-0.051073
0.026589
0.009975
0.046785
0.059668
-0.021974
0.071826
-0.039560
0.064160
0.003759
0.048314
-0.008612
0.014005
0.010696
0.017800
-0.005547
-0.001931
0.084293
0.007115
0.073093
-0.006132
0.035058
-0.000616
0.000776
0.010545
0.007675
0.087169
-0.061994
0.020880
-0.016402
0.025120
0.032980
0.070076
-0.022950
0.046093
0.021429
0.053359
0.036448
-0.047099
0.072053
0.043360
0.040707
0.005277
-0.009320
0.024101
0.030664
0.000891
0.054555
0.041854
-0.002157
0.025031
-0.008828
-0.000723
0.054512
0.053087
0.083890
-0.001234
-0.044293
-0.004365
0.061364
0.033693
-0.012805
0.032063
0.017399
-0.056512
0.005039
0.011089
0.012678
0.034414
-0.008482
0.055837
0.036832
0.024333
0.005088
0.035448
-0.010645
0.016766
-0.017140
0.002537
0.015224
0.075049
0.046556
0.026105
0.009607
0.019457
-0.041848
0.029227
-0.012831
0.046413
0.000389
0.014349
-0.020487
0.027833
0.056366
0.037456
0.056285
0.025576
0.065370
-0.025727
0.068955
0.015633
-0.010934
-0.001391
0.066909
0.002401
-0.015645
0.019327
-0.039621
0.002085
0.088304
0.022801
0.012154
0.027030
0.008571
0.023130
-0.030497
0.007720
0.017597
0.007398
0.058814
0.002447
-0.021081
0.025742
0.045152
0.008147
-0.016581
0.062152
0.020390
0.017416
0.030963
0.084829
0.012823
0.022970
0.042449
0.053873
0.018132
-0.005512
0.060033
0.134968
0.024555
0.064434
0.079744
0.055962
0.092833
0.029912
0.036377
0.120338
0.061510
0.122444
0.112651
0.110286
0.048980
0.084201
0.090057
0.072269
0.066528
0.026610
0.056454
0.112110
0.025979
0.108129
0.100513
0.009832
0.078715
0.029661
0.010870
0.049937
0.009932
-0.002470
0.115675
0.054867
0.103271
0.038857
0.011653
0.060864
0.107534
0.106854
0.066253
-0.003365
0.077578
0.065635
0.072067
0.092924
0.081034
0.078520
0.089911
0.057302
0.033629
0.036020
0.085569
0.092117
0.094902
0.039555
0.042349
0.076661
0.090184
0.046583
0.010226
0.082073
0.071307
0.050912
0.038227
-0.007723
0.069849
0.044269
0.060821
0.139765
0.045396
0.063058
0.061467
0.037758
0.060037
0.088121
0.069485
0.094498
0.138713
0.100903
0.045893
0.110280
0.041719
0.075095
-0.009327
0.038545
0.067427
0.107889
0.100623
0.085705
0.063279
0.036402
0.066734
0.100532
0.057191
0.084857
0.082018
0.076448
0.126397
0.065354
0.093459
0.079377
0.107096
0.052462
0.087071
0.079960
0.054548
0.112164
0.027183
0.020284
0.053230
0.097080
0.045139
0.088136
0.050045
0.036631
0.078922
0.041932
0.016509
0.082995
0.059683
0.112627
0.040608
0.046701
0.039569
0.057510
0.075576
0.079618
0.070219
0.108668
0.078673
-0.037803
0.089723
0.085766
0.043712
0.022777
0.027826
0.046737
0.002507
0.071826
0.087915
0.102114
0.120991
0.036835
0.103849
0.056447
0.173752
0.036581
0.064799
0.077344
0.091326
0.032378
0.128052
0.164624
0.094697
0.089886
0.075755
0.037816
0.066085
0.059395
0.054872
0.059240
0.100466
0.086562
0.086914
0.099963
0.126099
0.108748
0.106929
0.116071
0.076005
0.105142
0.077960
0.103630
0.079084
0.142601
0.036501
0.085189
0.021698
0.093271
0.128759
0.044118
0.131640
0.083386
0.094304
0.107680
0.103035
0.069997
0.104314
0.079676
0.055627
0.087389
0.068007
0.053792
0.074884
0.074184
0.042653
0.115420
0.112936
0.075339
0.118659
0.082490
0.129480
0.147636
0.118956
0.048291
0.031111
0.100026
0.057957
0.138361
0.099112
0.125955
0.094995
0.088380
0.074113
0.121989
0.085586
0.120703
0.085368
0.072232
0.064442
0.086871
0.044931
0.096755
0.075170
0.016109
0.024068
0.104681
0.065904
0.058398
0.123730
0.123970
0.082598
0.061418
0.099539
0.041111
0.067584
0.098780
0.088568
0.047346
0.122189
0.036223
0.055342
0.106904
0.069912
0.077886
0.038486
0.108071
0.071774
0.095440
0.109394
0.058173
0.084927
0.150450
0.093137
0.119588
0.152817
0.094790
0.078935
0.044905
0.031564
0.099292
0.110180
0.081416
0.068084
0.076938
0.092328
0.078067
0.150483
0.089992
0.080521
0.064756
0.075169
0.142328
0.039864
0.137232
0.034888
0.068526
0.034978
0.059423
0.143703
0.102586
0.115965
0.131009
0.083979
0.102471
0.040924
0.048765
0.018712
-0.040466
-0.049795
-0.002845
-0.022879
0.013262
-0.041774
0.006304
-0.020412
-0.015901
-0.019252
-0.014123
0.034186
0.017253
0.025381
0.020191
0.027348
0.004430
0.056521
-0.007158
-0.003604
-0.002950
0.029053
-0.020643
-0.074146
-0.004057
-0.068063
0.020741
-0.024954
-0.003471
-0.018676
-0.060576
0.034836
-0.043000
0.094563
-0.010185
-0.019966
0.052335
-0.006647
-0.030039
-0.015167
-0.031304
-0.001266
-0.010563
-0.024448
0.071215
-0.020013
0.020992
-0.023960
0.050350
0.051125
0.036690
0.008691
0.017842
-0.025163
-0.072986
0.003652
-0.056642
-0.061673
-0.028326
-0.049046
-0.018887
-0.028638
0.051178
0.007108
-0.038694
-0.037464
-0.041189
0.074004
0.084072
-0.021760
0.018745
-0.031102
-0.096049
0.004932
0.033054
-0.023654
0.042821
0.046688
0.000524
0.000115
0.071121
0.004588
-0.000612
0.069462
0.077116
-0.071256
0.007404
0.007996
-0.013967
0.028848
0.062261
0.065416
0.018998
0.042989
0.010914
-0.012651
-0.001853
0.012085
-0.027381
-0.034899
-0.024417
-0.038181
0.029181
0.043488
0.051991
0.024073
-0.028308
0.024442
-0.023727
-0.085713
-0.042988
-0.013558
0.010890
0.028578
0.074495
0.026022
-0.013581
-0.005595
-0.042151
0.026723
-0.003330
0.088930
0.084264
-0.009303
0.012223
0.014592
0.040491
-0.001002
-0.060080
0.040040
0.019420
0.080872
-0.026116
-0.050774
-0.036694
-0.034798
-0.031015
-0.035947
0.037830
0.078041
-0.000084
-0.050476
0.029448
0.176518
0.182649
0.076831
0.206902
0.152952
0.107601
0.105350
0.230764
0.188088
0.125182
0.171511
0.152802
0.209417
0.191369
0.188450
0.181779
0.149233
0.173257
0.224961
0.156871
0.136455
0.092096
0.159772
0.140193
0.075144
0.142480
0.171034
0.186718
0.167349
0.143682
0.117434
0.120584
0.161336
0.150194
0.215452
0.170964
0.105611
0.176656
0.122854
0.133046
0.101974
0.136774
0.159360
0.173609
0.165895
0.222739
0.133190
0.142424
0.073006
0.233115
0.235924
0.179226
0.251368
0.131386
0.137969
0.117139
0.146281
0.140515
0.102924
0.141886
0.198576
0.180287
0.160836
0.150225
0.177375
0.102297
0.151353
0.154977
0.212045
0.208234
0.172753
0.135406
0.153822
0.128788
0.173609
0.122678
0.123847
0.150791
0.190677
0.163501
0.173974
0.196375
0.143756
0.137509
0.191155
0.192511
0.062620
0.149870
0.192301
0.187133
0.205742
0.223167
0.182996
0.108227
0.143421
0.176721
0.118247
0.195733
0.200013
0.230885
0.238273
0.148839
0.132305
0.101784
0.123216
0.147283
0.185654
0.169585
0.183892
0.153691
0.147455
0.106842
0.073686
0.076462
0.140644
0.221639
0.191629
0.132158
0.195302
0.120645
0.152216
0.095066
0.167197
0.143718
0.062095
0.192608
0.144435
0.183274
0.164598
0.115782
0.139740
0.118384
0.198700
0.186504
0.142114
0.166747
0.142206
0.141148
0.124269
0.140851
0.185159
0.111755
0.121150
0.177111
0.094143
0.039405
0.049002
0.026268
0.063211
0.068863
0.047788
0.091186
0.016162
0.084789
0.060637
0.077553
0.042745
0.075712
0.056012
0.087963
0.069247
0.073746
0.115351
0.030120
0.103259
0.018180
0.118778
0.083950
0.020508
0.061759
0.028658
0.102350
0.037865
0.076162
0.042901
0.039886
0.085591
0.086861
0.098098
0.044288
0.051694
0.066645
0.055001
0.058431
0.023625
0.033560
0.051892
0.031945
0.082845
0.116215
0.039972
0.093714
0.009613
0.079766
0.039223
0.096824
0.074262
0.086501
0.036106
0.000607
0.109110
0.066619
0.031894
0.073505
0.093232
0.065274
0.079974
0.050835
0.039390
0.058115
0.044018
0.062506
0.087450
0.126963
0.045128
0.066619
0.056744
0.039930
0.050808
0.105507
0.025314
0.111119
0.100239
0.107853
0.073944
0.067920
0.010613
0.052462
0.057328
0.112339
0.022849
0.092558
0.068203
0.071858
0.098142
0.086819
0.099685
0.080030
0.040701
0.074418
0.060055
0.056296
0.088821
0.103755
0.046720
0.048802
0.047952
0.085453
0.033261
0.093462
0.079734
0.028815
0.067365
0.060443
0.059647
0.046691
0.005667
0.030643
0.080465
0.139126
0.066899
0.057307
0.095452
0.036774
0.078724
0.059342
0.061959
0.062054
0.040790
0.057974
0.059410
0.101896
0.058201
0.083740
0.068587
0.056298
0.092874
0.050929
0.021090
0.029614
0.069218
0.083466
0.049683
0.090610
0.103690
0.068333
0.014715
0.117152
0.111241
0.126882
0.155471
0.104422
0.092708
0.056039
0.125250
0.164659
0.110480
0.126174
0.089689
0.122567
0.127137
0.075066
0.150636
0.083732
0.085702
0.083420
0.106904
0.051525
0.116499
0.104724
0.139721
0.195817
0.105817
0.094121
0.060178
0.139100
0.105669
0.107387
0.078397
0.103235
0.149700
0.063976
0.109176
0.112701
0.124435
0.093852
0.089193
0.066909
0.183241
0.034955
0.065820
0.055524
0.111867
0.162802
0.091797
0.083955
0.037737
0.134958
0.068674
0.067335
0.109413
0.106017
0.075947
0.100046
0.095800
0.160514
0.184696
0.118647
0.139159
0.085060
0.082412
0.087560
0.162637
0.127747
0.099777
0.099674
0.104800
0.075927
0.143151
0.160822
0.104059
0.175681
0.120249
0.069531
0.147261
0.089699
0.091360
0.108156
0.122976
0.053050
0.111114
0.112466
0.063527
0.100325
0.154988
0.059734
0.097935
0.134078
0.092608
0.044205
0.168475
0.182333
0.066568
0.100577
0.126065
0.120094
0.168544
0.107556
0.048348
0.035091
0.095457
0.151048
0.054625
0.143846
0.102868
0.118682
0.130121
0.101494
0.066534
0.165491
0.107522
0.090510
0.104985
0.113974
0.103612
0.095044
0.117752
0.111441
0.067223
0.124560
0.110252
0.049318
0.099469
0.116633
0.056520
0.124363
0.164308
0.073880
0.109214
0.030505
0.127740
0.072210
0.082641
0.088758
0.093957
0.086871
0.080110
0.078919
0.086813
0.065535
0.160642
0.078632
-0.040536
-0.125173
-0.015061
-0.058576
-0.075009
-0.009551
-0.080257
-0.068373
-0.067224
-0.094308
-0.000815
-0.119677
-0.147383
-0.079367
0.012679
-0.078243
-0.027018
-0.032827
-0.080656
-0.006753
-0.017071
-0.040127
-0.053453
-0.059659
-0.054281
0.046375
-0.076136
-0.034501
-0.005152
-0.058572
0.022436
-0.048506
-0.035347
-0.007458
0.023536
-0.040153
-0.053063
-0.029592
-0.065099
-0.014005
-0.060551
-0.009448
-0.051930
-0.078020
-0.070425
-0.024485
-0.030795
-0.018286
0.061218
-0.067256
-0.045742
-0.054510
-0.120585
-0.028278
-0.099718
0.005828
0.015912
-0.083311
-0.053167
-0.041763
-0.070927
-0.060506
-0.041412
0.015194
-0.054171
0.001667
-0.104572
-0.047688
-0.071230
-0.106891
-0.064997
-0.030711
-0.043867
-0.060433
-0.044544
-0.018639
-0.030617
-0.037141
-0.063886
-0.009388
0.024628
-0.055565
-0.002316
-0.043157
0.027934
-0.044820
-0.048613
-0.058061
-0.125255
-0.067454
-0.038266
-0.012563
-0.070285
-0.079091
-0.039704
-0.100815
-0.009579
-0.070267
-0.050275
-0.044333
-0.110136
-0.007886
-0.042898
-0.005591
-0.022971
0.028474
-0.064248
-0.048310
0.037208
-0.097648
-0.041980
-0.074399
-0.008285
-0.018538
0.006921
-0.034723
-0.070993
-0.067091
-0.033049
-0.053857
0.002380
-0.026165
-0.045444
-0.021363
0.025238
-0.076905
0.017583
-0.034362
-0.055090
-0.048339
-0.015371
0.077056
-0.039755
-0.036222
-0.005588
-0.001617
-0.026575
-0.050723
0.011380
-0.074686
-0.051252
-0.074405
-0.029177
0.072985
0.124617
0.110412
0.083277
0.061688
0.119632
0.095533
0.097269
0.106580
0.050107
0.171956
0.065336
0.129915
0.096461
0.074639
0.087337
0.086710
0.118634
0.082928
0.098583
0.029392
0.115847
0.123832
0.130133
0.212066
0.099693
0.059727
0.041527
0.119269
0.056773
0.112560
0.048192
0.060587
0.175823
0.026192
0.093073
0.054980
0.074687
0.121352
0.075957
0.053132
0.164537
0.011638
0.073463
0.039921
0.113918
0.146897
0.089162
0.106862
0.052823
0.104486
0.032492
0.087900
0.084675
0.155702
0.093887
0.051590
0.104330
0.129334
0.155256
0.083338
0.080468
0.043987
0.117978
0.076121
0.125787
0.068963
0.083801
0.073320
0.126465
0.121244
0.113142
0.118967
0.088337
0.138809
0.105699
0.147350
0.117693
0.149343
0.130002
0.133054
0.089417
0.104998
0.068831
0.112376
0.083321
0.101588
0.147069
0.093246
0.100176
0.106507
0.076892
0.020167
0.190024
0.184657
0.088376
0.092476
0.106886
0.090043
0.176490
0.057666
0.016774
0.070417
0.076922
0.173462
0.078086
0.155660
0.076346
0.121717
0.136611
0.025829
0.071885
0.126343
0.111971
0.129407
0.091696
0.102153
0.107880
0.045858
0.077130
0.105541
0.095475
0.134881
0.099890
0.101549
0.074952
0.105433
0.042780
0.111503
0.137699
0.069798
0.126934
0.013982
0.130805
0.063829
0.053354
0.030040
0.084748
0.056454
0.068430
0.085077
0.107856
0.106572
0.147502
0.057625
-0.047233
-0.007046
-0.051288
-0.061428
-0.042864
-0.064174
-0.032029
-0.079288
-0.032388
-0.005857
-0.067349
-0.040750
0.017784
-0.063182
-0.072712
-0.013402
-0.062048
-0.069316
-0.042466
-0.069414
-0.083068
-0.043622
-0.036866
-0.049515
-0.035680
-0.057491
-0.070117
-0.051854
-0.052605
-0.040520
-0.115685
-0.038800
-0.079846
-0.079504
-0.142196
-0.022570
-0.029962
-0.064074
-0.010181
-0.074017
-0.028246
-0.042766
-0.060500
-0.031121
-0.026149
-0.088275
-0.053219
-0.035948
-0.098164
-0.047758
-0.041037
-0.031530
-0.014419
-0.035556
-0.010786
-0.070921
-0.126171
-0.050095
-0.048829
-0.046704
-0.052649
-0.097864
-0.090972
-0.037954
-0.069244
-0.104238
-0.013821
-0.035393
-0.013428
-0.018583
-0.013675
-0.045209
-0.036316
-0.080063
-0.025942
-0.083891
-0.063657
-0.038538
-0.055480
-0.098267
-0.095459
-0.002500
-0.123302
-0.038003
-0.046503
-0.032087
-0.025795
-0.032204
-0.011791
-0.072593
-0.052646
-0.048156
-0.069416
-0.013974
-0.032358
-0.033977
-0.052387
-0.039159
-0.093401
-0.028092
-0.018423
-0.062835
-0.106403
-0.074346
-0.020877
-0.096113
-0.006457
-0.062169
-0.094285
-0.014998
-0.042551
-0.048532
-0.015945
-0.057175
-0.114267
-0.079083
-0.013110
-0.067316
-0.041365
-0.050627
-0.052645
-0.087744
-0.008126
-0.012926
-0.042456
-0.035312
-0.088496
-0.122362
-0.060125
-0.070492
-0.047187
-0.065392
-0.037559
-0.063425
-0.097190
-0.098884
-0.062812
-0.053796
-0.061477
-0.041760
-0.030016
-0.050979
-0.108106
-0.148124
-0.152011
-0.079524
-0.097909
-0.136520
-0.083234
-0.091619
-0.071251
-0.153650
-0.119837
-0.045784
-0.052376
-0.063531
-0.206748
-0.135995
-0.157773
-0.113758
-0.122658
-0.095736
-0.152902
-0.097470
-0.080759
-0.080161
-0.129294
-0.076871
-0.026006
-0.115374
-0.051455
-0.098917
-0.069672
-0.143954
-0.056446
-0.045814
-0.065680
-0.113802
-0.220935
-0.120014
-0.044965
-0.127968
-0.140203
-0.088118
-0.083129
-0.037682
-0.122140
-0.098715
-0.096778
-0.171934
-0.047100
-0.133799
-0.064674
-0.171558
-0.132109
-0.143415
-0.070486
-0.126601
-0.097135
-0.079736
-0.087227
-0.038851
-0.055978
-0.094793
-0.085648
-0.115356
-0.053957
-0.177473
-0.085948
-0.061104
-0.085489
-0.036464
-0.147402
-0.149781
-0.098083
-0.121899
-0.080779
0.028278
-0.135420
-0.131869
-0.031449
-0.115089
-0.128127
-0.072064
-0.073360
-0.167646
-0.103654
-0.154700
-0.157142
-0.120795
-0.032872
-0.073775
-0.093476
-0.097126
-0.122920
-0.152461
-0.130792
-0.097838
-0.177976
-0.086649
-0.092209
-0.096168
-0.107980
-0.129011
-0.063588
-0.083309
-0.077259
-0.072544
-0.098748
-0.120120
-0.111718
-0.060281
-0.123776
-0.090921
-0.029719
-0.096304
-0.037273
-0.079938
-0.113488
-0.158517
-0.086208
-0.121869
-0.062246
-0.081065
-0.142851
-0.043613
-0.211002
-0.166418
-0.072125
-0.099500
-0.091708
-0.128661
-0.107143
-0.102162
-0.141251
-0.114852
-0.156430
-0.090441
-0.099447
-0.068568
-0.045966
-0.041176
-0.053210
-0.081629
-0.115741
-0.110729
-0.085973
-0.132876
0.015048
0.040093
-0.081238
0.003696
0.031646
-0.027863
-0.017000
0.009275
0.008270
0.019013
-0.057342
0.040551
0.011725
0.017809
-0.075756
-0.021350
-0.012615
-0.015551
0.021390
-0.033760
-0.028598
-0.088252
-0.015154
0.003415
-0.019950
-0.088216
0.053053
-0.017478
-0.037521
0.035230
-0.060439
-0.013920
-0.053629
-0.001992
-0.050575
-0.043945
-0.069749
-0.012356
-0.026030
-0.046636
-0.078658
-0.030478
0.014190
-0.003510
0.024322
-0.013962
-0.048626
-0.039244
-0.106692
0.018850
-0.018665
0.000800
0.035818
0.006447
-0.000646
-0.033028
-0.009983
0.003084
-0.026765
-0.043563
0.023138
0.011105
0.028850
-0.060806
-0.019629
-0.070477
0.034994
-0.048174
-0.020043
0.029320
0.011743
-0.075565
0.006520
-0.013286
-0.025576
0.020499
-0.069441
-0.017990
0.013994
-0.020622
-0.055901
-0.001384
-0.072343
-0.006381
-0.087026
-0.031379
-0.036048
-0.035699
0.019578
-0.003122
-0.038125
-0.026037
-0.005415
-0.038051
-0.049519
0.013237
-0.077880
-0.022979
-0.012743
0.002553
0.036198
0.022196
-0.008261
-0.065039
-0.071629
-0.076566
-0.010829
-0.020521
-0.046782
-0.046364
0.040146
-0.008614
-0.091158
-0.052979
-0.097066
0.018223
-0.032603
-0.015358
-0.045554
-0.011797
0.013340
-0.064707
-0.094611
-0.018021
-0.117034
-0.011598
-0.075298
-0.002827
-0.018949
0.016798
-0.050228
-0.084073
-0.046092
-0.020954
-0.029517
-0.018223
-0.034904
-0.029647
-0.040960
-0.028532
-0.022275
0.046870
-0.044769
-0.076746
-0.182500
-0.132762
-0.152690
-0.170606
-0.165675
-0.193156
-0.133419
-0.204481
-0.121430
-0.120624
-0.173225
-0.124170
-0.104760
-0.149267
-0.198386
-0.141521
-0.195701
-0.184394
-0.134944
-0.151581
-0.201791
-0.134255
-0.167084
-0.153060
-0.133596
-0.195647
-0.137557
-0.179640
-0.182312
-0.147555
-0.216288
-0.139817
-0.179568
-0.159867
-0.225821
-0.175805
-0.169222
-0.173917
-0.103029
-0.172802
-0.175311
-0.162719
-0.153086
-0.135609
-0.139875
-0.208609
-0.171120
-0.164204
-0.192872
-0.124756
-0.161936
-0.149363
-0.119404
-0.173205
-0.102384
-0.205863
-0.205804
-0.162577
-0.140061
-0.145439
-0.143806
-0.144859
-0.193991
-0.201566
-0.192410
-0.197124
-0.118060
-0.130639
-0.143818
-0.133864
-0.171433
-0.155506
-0.177218
-0.178366
-0.141157
-0.195360
-0.169780
-0.160088
-0.168310
-0.176907
-0.200019
-0.168427
-0.228356
-0.148504
-0.220628
-0.186603
-0.154959
-0.112995
-0.117833
-0.161306
-0.146223
-0.185030
-0.192299
-0.139833
-0.142541
-0.137999
-0.179223
-0.166970
-0.195564
-0.146663
-0.122220
-0.196578
-0.180234
-0.163352
-0.148179
-0.204194
-0.138163
-0.166814
-0.233380
-0.135114
-0.167017
-0.153823
-0.144211
-0.174855
-0.202240
-0.192311
-0.152284
-0.134436
-0.147939
-0.141577
-0.196251
-0.174938
-0.164316
-0.158295
-0.159442
-0.124564
-0.174662
-0.207747
-0.189126
-0.124140
-0.181256
-0.203182
-0.198458
-0.175800
-0.226708
-0.198154
-0.143132
-0.131334
-0.165335
-0.103195
-0.149031
-0.149918
-0.193830
-0.239085
-0.190518
-0.086584
-0.236726
-0.159506
-0.170546
-0.173603
-0.149188
-0.091736
-0.240109
-0.222969
-0.191527
-0.141623
-0.248506
-0.106851
-0.209146
-0.186672
-0.175559
-0.153123
-0.160551
-0.220598
-0.179335
-0.233793
-0.214804
-0.184655
-0.195974
-0.186246
-0.175432
-0.168608
-0.166814
-0.205399
-0.163399
-0.219267
-0.151835
-0.114391
-0.137083
-0.204216
-0.208178
-0.182075
-0.137081
-0.202815
-0.237981
-0.193419
-0.205110
-0.209432
-0.229385
-0.149285
-0.165679
-0.186315
-0.144492
-0.183550
-0.166601
-0.167371
-0.151194
-0.186478
-0.201524
-0.199533
-0.210567
-0.169156
-0.221031
-0.206085
-0.175313
-0.114244
-0.148898
-0.248513
-0.180576
-0.217491
-0.181836
-0.201203
-0.232020
-0.166544
-0.114918
-0.187913
-0.159407
-0.184444
-0.224682
-0.157220
-0.168766
-0.179901
-0.117518
-0.152302
-0.171980
-0.146521
-0.207625
-0.233097
-0.210156
-0.173854
-0.200101
-0.194222
-0.216195
-0.123001
-0.149132
-0.145755
-0.153346
-0.194983
-0.182176
-0.155896
-0.231417
-0.166872
-0.149271
-0.098488
-0.156598
-0.115933
-0.173359
-0.207776
-0.200299
-0.192826
-0.176484
-0.179301
-0.249718
-0.232458
-0.113693
-0.181733
-0.264875
-0.233002
-0.188060
-0.150747
-0.141277
-0.177657
-0.138860
-0.202349
-0.167260
-0.180238
-0.238216
-0.211352
-0.240658
-0.163985
-0.170593
-0.192485
-0.122348
-0.156067
-0.174597
-0.220786
-0.194809
-0.203420
-0.158356
-0.123903
-0.222606
-0.140296
-0.178296
-0.190769
-0.180519
-0.148538
-0.159465
-0.144892
-0.223316
-0.273209
-0.297015
-0.264824
-0.248131
-0.276102
-0.285876
-0.175248
-0.250923
-0.214597
-0.282784
-0.225433
-0.291184
-0.216699
-0.302032
-0.297477
-0.297357
-0.237593
-0.222851
-0.275777
-0.219233
-0.354965
-0.285616
-0.272649
-0.271722
-0.229563
-0.232811
-0.266189
-0.299448
-0.271634
-0.225544
-0.278760
-0.275677
-0.238967
-0.227115
-0.274734
-0.231907
-0.285312
-0.290042
-0.274388
-0.306364
-0.257182
-0.246075
-0.309815
-0.286932
-0.220468
-0.225009
-0.300359
-0.323295
-0.207279
-0.279595
-0.312217
-0.253485
-0.241561
-0.272227
-0.290624
-0.231237
-0.239296
-0.311276
-0.260779
-0.231057
-0.198266
-0.149097
-0.319534
-0.256709
-0.250396
-0.226612
-0.300415
-0.291846
-0.242016
-0.231295
-0.287695
-0.255791
-0.187309
-0.299403
-0.238228
-0.299006
-0.245772
-0.235708
-0.227822
-0.252114
-0.305000
-0.198509
-0.290339
-0.357048
-0.252154
-0.285390
-0.277385
-0.225750
-0.199907
-0.228378
-0.277834
-0.238534
-0.305269
-0.342646
-0.246781
-0.284205
-0.262217
-0.207058
-0.235219
-0.204368
-0.187917
-0.172649
-0.261186
-0.312980
-0.265929
-0.233719
-0.210237
-0.248738
-0.253427
-0.187743
-0.213008
-0.309830
-0.291033
-0.278759
-0.231576
-0.256728
-0.197663
-0.253225
-0.319736
-0.249191
-0.274544
-0.340204
-0.315089
-0.346698
-0.293558
-0.269211
-0.174329
-0.281863
-0.222777
-0.272050
-0.288840
-0.256282
-0.254674
-0.244793
-0.210314
-0.269981
-0.259509
-0.301735
-0.270275
-0.263309
-0.198886
-0.229703
-0.229917
-0.137824
-0.153716
-0.199297
-0.108276
-0.128714
-0.184873
-0.187699
-0.140145
-0.133125
-0.216313
-0.131527
-0.154459
-0.157285
-0.153975
-0.106650
-0.133051
-0.152999
-0.122770
-0.157413
-0.153237
-0.152539
-0.204559
-0.128810
-0.125356
-0.169092
-0.206527
-0.093966
-0.141938
-0.125495
-0.155040
-0.185463
-0.179645
-0.137929
-0.113763
-0.112113
-0.161642
-0.273252
-0.118972
-0.222861
-0.102500
-0.209292
-0.183237
-0.143596
-0.132979
-0.105620
-0.121731
-0.163550
-0.152754
-0.212437
-0.131344
-0.158808
-0.148113
-0.118402
-0.189727
-0.191077
-0.113942
-0.090212
-0.138712
-0.159824
-0.184707
-0.060446
-0.111799
-0.103853
-0.150592
-0.157701
-0.151591
-0.166508
-0.169430
-0.174646
-0.171011
-0.179217
-0.239299
-0.172288
-0.152049
-0.131533
-0.160293
-0.196285
-0.160544
-0.154496
-0.129832
-0.111612
-0.177105
-0.143498
-0.138050
-0.137787
-0.176504
-0.218191
-0.166750
-0.148475
-0.130617
-0.162967
-0.148153
-0.158608
-0.168555
-0.230698
-0.159764
-0.184152
-0.143480
-0.110198
-0.118271
-0.141273
-0.200616
-0.109096
-0.174150
-0.214461
-0.167145
-0.168871
-0.156650
-0.067315
-0.213152
-0.163648
-0.209749
-0.279814
-0.196219
-0.174318
-0.087820
-0.147372
-0.192395
-0.173926
-0.149802
-0.176631
-0.172301
-0.219622
-0.215345
-0.235566
-0.160163
-0.157803
-0.079054
-0.166075
-0.179196
-0.159058
-0.214233
-0.158066
-0.092162
-0.108384
-0.148226
-0.140559
-0.151101
-0.176645
-0.223763
-0.164536
-0.188670
-0.137796
-0.094208
-0.459257
-0.419938
-0.375806
-0.473811
-0.428765
-0.364641
-0.347800
-0.469776
-0.435103
-0.442187
-0.460912
-0.375843
-0.477228
-0.355208
-0.489370
-0.395267
-0.435365
-0.395969
-0.435705
-0.448689
-0.413294
-0.389950
-0.402999
-0.415266
-0.387750
-0.467222
-0.445327
-0.453784
-0.469651
-0.399659
-0.364235
-0.410986
-0.430553
-0.355055
-0.436013
-0.463893
-0.398750
-0.402678
-0.362295
-0.430306
-0.440443
-0.411064
-0.454147
-0.405464
-0.458059
-0.485868
-0.395216
-0.407149
-0.426597
-0.384240
-0.455100
-0.397741
-0.413747
-0.454522
-0.379257
-0.450264
-0.404830
-0.407964
-0.421869
-0.420639
-0.423165
-0.358991
-0.404199
-0.497793
-0.434112
-0.373321
-0.377674
-0.444126
-0.476662
-0.416033
-0.452108
-0.418060
-0.442597
-0.432791
-0.451117
-0.355809
-0.403380
-0.417893
-0.422780
-0.419031
-0.457457
-0.478116
-0.433393
-0.431173
-0.495879
-0.430552
-0.416155
-0.387077
-0.455833
-0.422726
-0.446184
-0.452044
-0.403109
-0.367473
-0.394025
-0.363070
-0.459837
-0.439277
-0.478506
-0.455075
-0.466695
-0.467936
-0.390488
-0.361478
-0.405545
-0.422289
-0.410054
-0.513726
-0.523791
-0.386105
-0.456114
-0.420185
-0.446311
-0.419520
-0.351486
-0.392615
-0.414363
-0.367235
-0.423429
-0.416329
-0.445396
-0.392607
-0.445551
-0.414885
-0.375551
-0.409747
-0.408789
-0.414437
-0.432878
-0.354225
-0.398661
-0.450471
-0.437219
-0.426803
-0.430954
-0.389010
-0.419046
-0.342140
-0.428976
-0.327092
-0.404452
-0.342805
-0.379134
-0.441792
-0.058210
-0.028927
-0.014099
-0.038086
-0.052693
-0.082094
-0.020489
-0.068952
0.017929
-0.109652
-0.072373
-0.062169
-0.049547
-0.063220
-0.045179
-0.045864
-0.057434
-0.042798
-0.077442
-0.115742
-0.107885
-0.051822
-0.038491
-0.056122
-0.043119
-0.067899
-0.042866
-0.068781
-0.044194
-0.098461
-0.068765
-0.054739
-0.100658
-0.035204
-0.054426
-0.025877
-0.120148
-0.054662
-0.069979
-0.070436
-0.013267
-0.095282
-0.102416
-0.043355
-0.064665
-0.048946
-0.096256
-0.078108
-0.099807
-0.055237
-0.023612
-0.104671
-0.066593
-0.053094
-0.048288
0.026825
-0.102402
-0.050622
-0.038971
-0.101114
-0.089743
-0.066626
-0.112558
-0.018091
-0.093838
-0.082075
-0.017716
-0.080814
-0.047051
-0.073874
-0.059299
-0.070553
-0.043987
-0.063125
-0.083721
-0.076696
-0.043820
-0.084342
-0.078189
-0.113616
-0.040046
-0.080113
-0.055366
-0.032494
-0.073995
-0.126073
-0.055536
-0.098867
-0.064034
-0.055965
-0.117407
-0.058111
-0.057577
-0.042761
-0.049966
-0.090861
-0.019541
-0.071539
-0.106896
-0.070615
-0.094714
-0.093944
-0.074860
-0.041396
-0.039204
-0.095965
-0.018435
-0.095849
-0.152240
-0.113862
-0.146504
-0.026957
-0.074009
-0.066342
-0.102058
-0.068563
-0.056309
-0.100867
-0.093664
-0.020057
-0.030564
-0.095732
-0.019906
-0.087696
-0.026866
-0.063569
-0.020856
-0.112937
-0.029684
-0.095902
-0.011188
-0.056116
-0.083507
-0.103883
-0.056075
-0.052750
-0.082988
-0.064865
-0.083939
-0.101882
-0.020035
-0.045293
-0.027577
-0.099682
-0.113548
-0.131225
-0.110108
-0.174142
-0.127893
-0.078081
-0.124306
-0.111212
-0.185468
-0.067327
-0.182303
-0.133952
-0.169382
-0.226641
-0.117880
-0.136909
-0.116999
-0.105450
-0.172302
-0.187568
-0.088951
-0.151904
-0.054534
-0.061025
-0.111122
-0.151710
-0.182569
-0.115514
-0.145924
-0.130604
-0.092497
-0.102632
-0.120825
-0.166051
-0.154842
-0.136850
-0.097455
-0.141493
-0.207795
-0.124120
-0.089197
-0.110015
-0.159660
-0.169706
-0.135181
-0.136360
-0.111975
-0.132225
-0.191626
-0.229170
-0.175013
-0.159683
-0.155852
-0.088124
-0.151809
-0.101348
-0.079775
-0.075530
-0.099924
-0.126015
-0.123614
-0.184435
-0.126263
-0.133126
-0.104083
-0.071593
-0.125592
-0.175240
-0.190030
-0.166537
-0.124218
-0.140281
-0.080922
-0.055276
-0.150801
-0.115345
-0.112857
-0.138287
-0.166203
-0.136309
-0.116548
-0.178462
-0.130394
-0.138304
-0.132239
-0.121032
-0.066210
-0.163752
-0.169210
-0.135269
-0.161404
-0.189118
-0.097208
-0.086845
-0.219508
-0.157556
-0.119957
-0.139964
-0.113325
-0.142893
-0.175031
-0.127580
-0.112315
-0.121567
-0.190534
-0.132962
-0.165526
-0.157149
-0.125965
-0.100849
-0.103535
-0.125333
-0.122260
-0.104465
-0.101630
-0.116961
-0.164520
-0.170332
-0.141876
-0.160760
-0.133173
-0.109376
-0.191862
-0.156487
-0.127820
-0.162483
-0.202906
-0.103429
-0.113787
-0.120713
-0.137229
-0.169446
-0.096246
-0.138927
-0.069019
-0.119151
-0.129326
-0.149417
-0.126076
-0.178987
-0.146075
-0.111188
-0.127416
-0.139885
-0.219750
-0.199499
-0.188553
-0.238709
-0.199079
-0.179637
-0.169963
-0.207150
-0.259066
-0.215281
-0.198400
-0.205618
-0.218147
-0.133621
-0.207782
-0.187904
-0.168699
-0.227691
-0.181156
-0.187022
-0.181075
-0.172687
-0.208471
-0.218177
-0.193627
-0.150687
-0.235087
-0.200903
-0.226337
-0.159200
-0.185886
-0.212450
-0.181041
-0.128792
-0.154430
-0.224330
-0.170008
-0.211320
-0.080906
-0.195072
-0.205954
-0.218817
-0.214248
-0.213427
-0.199823
-0.205698
-0.202259
-0.147765
-0.089827
-0.116759
-0.234587
-0.143985
-0.212958
-0.171069
-0.204317
-0.245929
-0.230605
-0.223969
-0.211272
-0.193160
-0.220401
-0.173273
-0.185276
-0.220699
-0.233733
-0.223894
-0.220185
-0.174682
-0.203720
-0.170270
-0.199077
-0.151632
-0.198551
-0.268552
-0.209012
-0.133441
-0.181082
-0.156153
-0.150537
-0.151388
-0.212524
-0.150709
-0.247108
-0.194779
-0.198571
-0.162026
-0.185752
-0.181743
-0.209114
-0.206940
-0.176030
-0.156279
-0.191360
-0.190052
-0.113801
-0.157368
-0.174585
-0.201871
-0.211142
-0.204172
-0.229078
-0.171590
-0.207756
-0.168363
-0.140346
-0.140726
-0.195357
-0.220190
-0.193298
-0.241375
-0.187303
-0.190503
-0.185842
-0.188649
-0.168870
-0.176148
-0.190881
-0.161285
-0.173677
-0.155107
-0.151368
-0.159336
-0.137360
-0.143344
-0.140869
-0.200922
-0.145266
-0.248578
-0.206301
-0.120836
-0.160159
-0.143163
-0.189331
-0.227405
-0.231257
-0.199723
-0.216111
-0.155495
-0.169578
-0.134877
-0.178858
-0.167729
-0.185199
-0.131498
-0.008384
-0.116076
0.005590
-0.052136
-0.035944
-0.055452
-0.060452
-0.062321
-0.000977
-0.026234
0.011486
-0.033078
-0.132549
-0.009992
-0.060801
-0.095578
-0.059293
-0.058167
-0.020925
-0.009694
-0.009387
-0.096510
-0.066721
-0.069705
-0.058971
0.037075
-0.026427
0.000421
-0.012485
-0.041211
-0.007636
-0.031375
-0.048451
-0.026238
-0.045438
-0.030203
0.004150
-0.028974
-0.030590
-0.066169
-0.062182
-0.029425
-0.022626
-0.089748
-0.055708
0.021220
-0.056430
-0.049908
-0.022786
-0.003569
-0.028259
-0.041941
-0.090840
-0.038784
-0.085594
-0.048477
0.026126
-0.054903
-0.052867
-0.026246
-0.055705
-0.031944
-0.017053
0.004718
-0.044283
-0.006027
-0.073841
-0.013079
-0.009869
-0.029869
-0.015076
0.000443
-0.054130
-0.020383
-0.049565
-0.006193
-0.049186
-0.027189
-0.029354
-0.028029
-0.004046
-0.094147
-0.022405
-0.046811
-0.058694
-0.023062
-0.054420
-0.055273
-0.049605
-0.062502
-0.044760
-0.022224
-0.002233
-0.050471
-0.027948
-0.050896
-0.019773
-0.079827
-0.070621
-0.057710
-0.080361
-0.013023
-0.058125
0.040027
-0.029043
-0.010135
0.005882
-0.026724
-0.001742
-0.062022
-0.047148
0.022790
0.010257
-0.030072
-0.062934
-0.018421
-0.046199
-0.015073
-0.025804
-0.051325
0.016162
-0.039338
-0.034147
-0.036229
-0.001237
-0.062884
0.012921
0.014593
-0.032922
-0.065811
-0.040152
0.074681
-0.075440
-0.081433
-0.120555
-0.041624
-0.025143
-0.026882
-0.026313
-0.010801
-0.020655
-0.025305
-0.058318
-0.011804
-0.142962
-0.078868
-0.105968
-0.108050
-0.079189
-0.133551
-0.071415
-0.128126
-0.067628
-0.165488
-0.130108
-0.090714
-0.087098
-0.044705
-0.212019
-0.072356
-0.138923
-0.120229
-0.134331
-0.158287
-0.163586
-0.112644
-0.136356
-0.132378
-0.104331
-0.187364
-0.054944
-0.166207
-0.149989
-0.112199
-0.161118
-0.112357
-0.160220
-0.090488
-0.188413
-0.136882
-0.171483
-0.121526
-0.090709
-0.145268
-0.102756
-0.156888
-0.138739
-0.058658
-0.091311
-0.198418
-0.159625
-0.133531
-0.173548
-0.102945
-0.132017
-0.114585
-0.077565
-0.168481
-0.055387
-0.106371
-0.175599
-0.092132
-0.121831
-0.162223
-0.117443
-0.061616
-0.091646
-0.186894
-0.160666
-0.165734
-0.047708
-0.090372
-0.101130
-0.115696
-0.133100
-0.158387
-0.134469
-0.117335
-0.147266
-0.100231
-0.130043
-0.137737
-0.132832
-0.163661
-0.166900
-0.150417
-0.123584
-0.120641
-0.200826
-0.173316
-0.140936
-0.108789
-0.072677
-0.114754
-0.172798
-0.139525
-0.134240
-0.116475
-0.079573
-0.088083
-0.144148
-0.096611
-0.194503
-0.135903
-0.096775
-0.189754
-0.110722
-0.125295
-0.124819
-0.210557
-0.098140
-0.151824
-0.235498
-0.144444
-0.166763
-0.110711
-0.182296
-0.144735
-0.157600
-0.132898
-0.097529
-0.112368
-0.137054
-0.061790
-0.133643
-0.163284
-0.122573
-0.164615
-0.140964
-0.106195
-0.110717
-0.181523
-0.128071
-0.122994
-0.107605
-0.179413
-0.177210
-0.124392
-0.142164
-0.140281
-0.117821
-0.079171
-0.152734
-0.110151
-0.127382
-0.086829
-0.074960
-0.186322
0.088057
0.069786
0.047363
0.105162
0.116104
0.087786
0.069378
0.123809
0.071390
0.021155
0.065003
0.072497
0.113616
0.158225
-0.030159
0.073771
0.094842
0.055769
0.071402
0.062104
0.078016
0.067057
0.002157
-0.043098
0.048448
0.066614
0.113665
0.036191
0.059811
0.065991
0.077010
0.050119
0.029689
0.031147
0.032777
0.096451
0.139057
0.064266
0.061415
-0.000815
0.121373
0.061683
0.079695
0.109861
0.065730
0.048386
0.060900
0.037798
0.080298
0.117535
0.087160
0.055916
0.094929
0.054926
0.090379
0.077280
-0.006102
0.067697
-0.004794
0.026077
-0.021366
0.071082
0.137577
0.057346
0.096918
0.033442
0.097761
0.077149
0.152638
0.104592
0.119241
0.054716
0.055185
0.064930
0.022040
0.101495
0.056184
0.076157
0.096985
0.010918
0.000976
0.144591
0.174888
0.048546
0.053187
0.102415
0.053648
0.035931
0.140324
0.067973
0.020967
0.109431
0.073034
0.031237
0.132597
0.131077
0.058648
0.109052
0.048546
-0.003716
0.104663
0.106681
0.074070
0.034324
0.120433
0.015963
0.081719
0.098437
-0.016729
0.084883
0.068970
0.097330
0.068325
0.088627
0.044896
0.038930
0.106763
0.110258
0.029098
0.081684
0.102929
0.036632
0.132663
0.104942
0.028289
0.042747
0.086211
0.048876
0.088538
-0.021861
0.085083
0.105310
0.059207
0.045416
0.082991
0.061208
0.030602
0.037460
0.025194
0.078817
0.054972
0.115670
0.089793
0.026105
0.135794
0.112156
0.139327
0.135600
0.149447
0.116044
0.142705
0.160033
0.163423
0.238538
0.179391
0.188197
0.137706
0.129174
0.201494
0.127257
0.130231
0.153302
0.190153
0.226510
0.203985
0.147673
0.133327
0.195796
0.188046
0.187662
0.192434
0.165864
0.143827
0.168175
0.205283
0.198074
0.198327
0.155287
0.184826
0.136299
0.207348
0.135552
0.134507
0.180122
0.113811
0.189644
0.156568
0.123897
0.165872
0.168069
0.209523
0.133765
0.147609
0.139031
0.124349
0.150009
0.147205
0.164236
0.139736
0.125200
0.213775
0.198074
0.208263
0.209047
0.204718
0.185925
0.205858
0.084360
0.184688
0.180398
0.157251
0.181946
0.110527
0.136699
0.105186
0.185703
0.180492
0.234860
0.191347
0.116830
0.212049
0.152106
0.160120
0.230108
0.216743
0.097886
0.153520
0.156180
0.101454
0.146287
0.183357
0.169844
0.152158
0.189529
0.199671
0.134344
0.165745
0.118208
0.106769
0.150220
0.175128
0.166276
0.232352
0.150151
0.226953
0.195469
0.234158
0.184478
0.120275
0.201546
0.125583
0.233114
0.227640
0.177019
0.223917
0.187076
0.211114
0.127369
0.186745
0.169961
0.126147
0.203025
0.197957
0.181666
0.157908
0.203335
0.093589
0.112071
0.145453
0.164736
0.154035
0.206729
0.102290
0.263990
0.124233
0.131233
0.163968
0.171937
0.139952
0.205332
0.192542
0.173988
0.193564
0.176309
0.151702
0.122093
0.152132
0.203943
-0.065548
-0.028519
-0.055923
-0.030585
-0.051568
-0.109413
-0.052257
-0.103235
0.028924
-0.094335
-0.020139
-0.046249
-0.019578
0.002198
-0.036459
-0.025871
-0.062549
-0.048434
-0.042679
-0.056916
-0.079081
-0.060319
-0.073421
-0.107510
-0.051293
-0.060057
-0.019390
-0.056673
-0.035588
-0.090406
-0.056315
-0.065084
-0.093039
-0.050698
-0.063184
-0.002916
-0.043219
-0.045657
-0.034628
-0.063296
-0.066862
-0.057085
-0.097218
-0.008918
-0.055389
-0.028404
-0.031813
-0.071580
-0.102676
-0.037797
0.022658
-0.077965
-0.020382
-0.101403
-0.054986
-0.029571
-0.088027
-0.049586
-0.075149
-0.067437
-0.053441
-0.048983
-0.054204
-0.060244
-0.036584
-0.065590
-0.038436
-0.031223
-0.027863
-0.024982
-0.040079
-0.072316
-0.061654
-0.071560
-0.032908
-0.114370
-0.039327
-0.075804
-0.036583
-0.075297
-0.049398
-0.052895
-0.066814
-0.043964
-0.066743
-0.059508
-0.095003
-0.069174
-0.042629
-0.057278
-0.082403
-0.010822
-0.057236
-0.060787
-0.068680
-0.026576
-0.046401
-0.026192
-0.041012
-0.054701
0.026241
-0.087292
-0.067317
-0.070391
-0.007971
-0.069949
0.000983
-0.069949
-0.089746
-0.033207
-0.101872
-0.074535
-0.073517
-0.113187
-0.070118
-0.041625
0.000702
-0.079214
-0.052610
-0.039029
-0.070823
-0.089179
-0.026840
-0.078188
-0.067073
-0.043980
-0.015768
-0.052856
-0.054850
-0.088799
-0.059625
-0.057008
-0.048788
-0.020032
-0.071458
-0.025134
-0.068019
-0.033886
-0.095722
-0.061763
-0.015992
-0.064219
-0.062698
-0.093013
0.086091
0.068546
0.049475
0.046613
0.117746
0.095651
0.107727
0.052982
-0.000986
0.135221
0.069312
0.126344
0.045377
0.071490
0.063499
0.100737
0.101805
0.100855
0.061623
0.085871
0.114152
0.106890
0.045227
0.096016
0.115424
0.076253
0.074803
0.072583
0.054590
0.060889
0.089599
0.071025
0.139141
0.078651
0.038010
0.068067
0.091877
0.083550
0.061778
0.109645
0.084534
0.067246
0.070590
0.049651
0.077787
0.056614
0.132471
0.097844
0.090058
0.077210
-0.007645
0.099236
0.069952
0.112826
0.094205
0.066942
0.066915
0.100132
0.090677
0.093939
0.022256
0.038771
0.115530
0.065719
0.039989
0.026200
0.072360
0.055973
0.064866
0.094181
0.069421
0.064518
0.098323
0.090798
0.090572
0.112884
0.112208
0.130386
0.126619
0.095614
0.072190
0.130454
0.042382
0.084102
0.053774
0.060901
0.125461
0.106704
0.104985
0.079772
0.070261
0.049402
0.070612
0.096859
0.068642
0.102272
0.114540
0.067761
0.104329
0.074404
0.066337
0.157307
0.119082
0.112663
0.096428
0.077024
0.044462
0.138882
0.018423
0.060361
0.126027
0.128738
0.122144
0.092367
0.069782
0.040329
0.107005
0.075846
0.040069
0.111500
0.123963
0.128070
0.064433
0.086924
0.074256
0.064977
0.068465
0.065304
0.044147
0.111623
0.131451
0.033637
0.098109
0.067726
0.061700
0.032513
0.047920
0.061252
0.073207
0.082373
0.096471
0.089538
0.085171
0.054305
0.132702
0.131660
0.149297
0.163127
0.168437
0.165798
0.119289
0.113197
0.129377
0.153931
0.148720
0.102368
0.169050
0.113447
0.180140
0.133611
0.201489
0.107666
0.107196
0.196115
0.125105
0.166261
0.145792
0.172643
0.127603
0.121045
0.168952
0.142372
0.131133
0.196153
0.141118
0.167221
0.176788
0.114375
0.176481
0.104254
0.101256
0.166623
0.171625
0.185981
0.176187
0.130690
0.188002
0.167347
0.180543
0.129548
0.083740
0.161741
0.215908
0.142423
0.149909
0.190093
0.140158
0.151378
0.135235
0.158982
0.183518
0.135899
0.187066
0.123793
0.104946
0.140856
0.126968
0.190691
0.144602
0.124831
0.093511
0.174999
0.145158
0.122346
0.129777
0.159121
0.179466
0.124324
0.166395
0.196896
0.175113
0.112585
0.136584
0.146526
0.153246
0.137560
0.132452
0.167372
0.181532
0.136936
0.159195
0.107339
0.156643
0.089194
0.111590
0.144247
0.162399
0.129434
0.189820
0.133432
0.175897
0.147852
0.108716
0.110129
0.120142
0.136167
0.137120
0.137142
0.130506
0.141368
0.068952
0.168329
0.217444
0.073794
0.114028
0.142591
0.176539
0.207070
0.159239
0.147682
0.084520
0.101345
0.107068
0.220127
0.193007
0.180897
0.147063
0.167157
0.168846
0.150091
0.138809
0.130006
0.145520
0.172756
0.131703
0.161864
0.146684
0.151520
0.151770
0.113932
0.146015
0.111969
0.189322
0.122443
0.111226
0.142906
0.181224
0.177585
