0.216574
0.214928
0.010269
0.153567
0.175244
0.002823
0.116800
0.057394
0.177720
0.000000
0.076072
0.038076
0.000000
0.000000
0.167047
0.153322
0.095487
0.023293
0.239592
0.005557
0.195078
0.000000
0.288282
0.259969
0.000000
0.152262
0.114169
0.347448
0.151353
0.000000
0.074153
0.000000
0.026327
0.000000
0.000000
0.163108
0.000000
0.000000
0.079887
0.260069
0.139148
0.054067
0.029708
0.290354
0.073140
0.076787
0.209752
0.048538
0.499333
0.000000
0.034548
0.000000
0.241526
0.040530
0.383806
0.133678
0.055402
0.121727
0.089212
0.035381
0.046029
0.140454
0.001471
0.120862
0.000000
0.103858
0.021327
0.229299
0.180344
0.232265
0.119521
0.000000
0.124756
0.062582
0.000000
0.159398
0.146644
0.000000
0.000000
0.000000
0.074829
0.037198
0.230489
0.094844
0.000000
0.000000
0.056078
0.131066
0.142198
0.000000
0.194933
0.108127
0.200863
0.089418
0.000000
0.000000
0.000000
0.274624
0.210731
0.077365
0.030406
0.000000
0.304951
0.432056
0.213693
0.000000
0.008655
0.000000
0.222454
0.000000
0.000000
0.172081
0.124387
0.165684
0.322644
0.140131
0.043559
0.077218
0.447730
0.037791
0.000000
0.038350
0.000000
0.000000
0.146200
0.334841
0.358134
0.000000
0.074939
0.000000
0.000000
0.000000
0.172343
0.033571
0.071461
0.188924
0.019635
0.141758
0.000000
0.000000
0.062144
0.000000
0.003931
0.000000
0.087279
0.069777
0.000000
0.231973
0.196017
0.220283
0.225951
0.139992
0.218283
0.130801
0.198632
0.000000
0.000000
0.318915
0.040990
0.155420
0.205577
0.516379
0.171654
0.000000
0.000000
0.062924
0.040624
0.000000
0.030289
0.173525
0.359323
0.025106
0.141327
0.034995
0.000000
0.049052
0.090535
0.000000
0.000000
0.000000
0.124635
0.269820
0.210208
0.000000
0.000000
0.000000
0.120478
0.000000
0.172684
0.080812
0.174402
0.118920
0.292248
0.047131
0.000000
0.027775
0.738932
0.723113
0.613469
0.471869
0.516065
0.523174
0.407535
0.486896
0.815325
0.464391
0.776672
0.492914
0.760785
0.697760
0.620706
0.571958
0.778395
0.467452
0.728318
0.968669
0.674311
0.621365
0.543032
0.549878
0.600819
0.564645
0.542797
0.477913
0.737225
0.587880
0.455514
1.085575
0.693066
0.552397
0.681988
0.658578
0.752700
0.406148
0.600425
1.045953
0.856897
0.534935
0.507209
0.247275
0.480414
0.534067
0.520463
0.687005
0.690992
0.805047
0.484112
0.520680
0.790887
0.345478
0.777545
0.691003
0.353223
0.559285
0.750799
0.722322
0.758144
0.715381
0.620506
0.375612
0.478281
0.629082
0.519464
0.641628
0.726890
0.653015
0.403238
0.458183
0.555345
0.531101
0.424839
0.445306
0.339378
0.367319
0.602360
0.533366
0.590441
0.756119
0.576103
0.782997
0.414545
0.708237
0.759159
0.540530
0.716552
0.580222
0.621568
0.241591
0.522415
0.482670
0.425040
0.646195
0.393182
0.294477
0.234675
0.673071
0.392911
0.526078
0.342650
0.672531
0.364562
0.555245
0.530276
0.456993
0.761660
0.022242
0.593219
0.589189
0.648048
0.713825
0.521735
0.574680
0.863922
0.336702
0.790860
0.437694
0.574299
0.549890
0.806851
0.666288
0.856479
0.621080
0.641103
0.281602
0.557204
0.739755
0.663223
0.578422
0.550992
0.615632
0.505079
0.685047
0.500852
0.368817
0.978242
0.690869
0.717862
0.619777
0.585970
1.268784
0.545245
0.278750
0.773581
0.647129
0.532358
0.478890
0.295769
0.597555
0.451493
0.679690
0.444111
0.675719
0.645549
0.579298
0.500630
0.521901
0.463267
0.390142
0.921958
0.840256
0.417799
0.508140
0.615291
0.518315
0.814366
0.440873
0.488334
0.613820
0.534297
0.829793
0.592465
0.845289
0.424725
0.747497
0.376241
0.551860
0.541108
0.515036
0.352265
0.530029
0.836119
0.508526
0.368459
0.484837
0.408048
0.591849
0.509323
0.735716
0.730184
0.664925
0.521798
0.354837
0.149078
0.000000
0.000000
0.000000
0.128972
0.000000
0.000000
0.000000
0.221776
0.000000
0.000000
0.000000
0.061106
0.278314
0.085104
0.000000
0.000000
0.000000
0.179316
0.159286
0.000000
0.050572
0.000000
0.053797
0.000000
0.226483
0.000000
0.000000
0.318190
0.000000
0.000000
0.000000
0.067778
0.019518
0.126089
0.000000
0.000000
0.000000
0.278138
0.512986
0.000000
0.000000
0.178745
0.223707
0.061292
0.000000
0.000000
0.000000
0.134593
0.000000
0.000000
0.006287
0.000000
0.000000
0.037679
0.000000
0.000000
0.080206
0.076639
0.112967
0.000000
0.000000
0.000000
0.201343
0.174574
0.000000
0.000000
0.000000
0.015040
0.000000
0.000000
0.234246
0.000000
0.000000
0.000000
0.000000
0.000000
0.199097
0.031118
0.118860
0.000000
0.000000
0.140334
0.483594
0.148228
0.000000
0.116576
0.000000
0.000000
0.000000
0.000000
0.000000
0.000000
0.000000
0.203686
0.123047
0.000000
0.000033
0.022036
0.000000
0.129238
0.000000
0.000000
0.000000
0.005628
0.154174
0.000000
0.094804
0.000998
0.000000
0.013034
0.000000
0.113193
0.000000
0.000000
0.000000
0.095543
0.332834
0.081374
0.000000
0.154411
0.000000
0.014498
0.000000
0.092161
0.000000
0.000000
0.000000
0.192958
0.000000
0.058153
0.000000
0.000000
0.000000
0.000000
0.068349
0.000000
0.000000
0.476179
0.000000
0.021094
0.000000
0.000000
0.000000
0.000000
0.000000
0.077466
0.000000
0.024446
0.000000
0.000000
0.000000
0.018522
0.000000
0.154721
0.000000
0.158603
0.000000
0.000000
0.000000
0.000000
0.026343
0.000000
0.042032
0.000000
0.109394
0.000000
0.000000
0.068748
0.336951
0.000000
0.171790
0.003735
0.000000
0.117028
0.000000
0.000000
0.081365
0.118254
0.147368
0.000000
0.000000
0.000000
0.000000
0.131746
0.000000
0.232382
0.000000
0.000000
0.000000
0.085547
0.000000
0.000000
0.036454
0.114419
0.024984
0.341641
0.280400
0.387059
0.348268
0.453730
0.325673
0.216280
0.298298
0.176597
0.397497
0.217355
0.161479
0.435788
0.278197
0.328081
0.277925
0.052719
0.264136
0.447170
0.308995
0.319019
0.238801
0.368691
0.332712
0.180654
0.152948
0.350459
0.309443
0.253343
0.458405
0.324842
0.247411
0.700349
0.437798
0.290363
0.247692
0.000000
0.206300
0.000000
0.132470
0.218114
0.435918
0.204593
0.420268
0.168841
0.205662
0.354383
0.328444
0.183766
0.166028
0.093124
0.336556
0.174639
0.175309
0.094736
0.372134
0.216966
0.296152
0.000000
0.151978
0.191907
0.136284
0.294097
0.389014
0.302680
0.259143
0.388373
0.227867
0.290400
0.542384
0.428656
0.431257
0.297715
0.327025
0.267404
0.306594
0.449213
0.406869
0.140703
0.222688
0.381482
0.029650
0.128900
0.054155
0.362497
0.376333
0.204774
0.183085
0.105805
0.467153
0.146006
0.347370
0.055048
0.435064
0.258058
0.061094
0.442700
0.311871
0.235741
0.136539
0.080984
0.261310
0.248990
0.274672
0.195823
0.289455
0.312807
0.101179
0.152587
0.262727
0.149614
0.391336
0.085135
0.271676
0.180918
0.122015
0.225990
0.420058
0.063365
0.509487
0.200943
0.398546
0.230360
0.263626
0.291391
0.421426
0.296932
0.033593
0.165924
0.384480
0.264802
0.078716
0.463392
0.187968
0.243468
0.120216
0.245559
0.066692
0.000000
0.219727
0.022874
0.297255
0.247305
0.215675
0.526218
0.326089
0.275185
0.369050
0.206918
0.340693
0.327162
0.000000
0.324464
0.207699
0.494136
0.478862
0.009521
0.320333
0.333572
0.228768
0.127840
0.433516
0.337246
0.433980
0.250311
0.430894
0.307619
0.261873
0.400994
0.307482
0.394800
0.275441
0.177528
0.361179
0.349142
0.216809
0.470468
0.213254
0.539983
0.347565
0.253722
0.263832
0.156058
0.158087
0.759701
0.234849
0.365453
0.195526
0.169525
0.391240
0.203427
0.318806
0.079089
0.530019
0.190654
0.343600
0.000000
0.000000
0.000000
0.000000
0.000000
0.000000
0.000000
0.000000
0.000000
0.000000
0.000000
0.000000
0.000000
0.000000
0.000000
0.000000
0.000000
0.000000
0.000000
0.000000
0.000000
0.000000
0.000000
0.000000
0.000000
0.000000
0.000000
0.000000
0.000000
0.000000
0.000000
0.000000
0.000000
0.000000
0.000000
0.000000
0.000000
0.000000
0.000000
0.000000
0.000000
0.000000
0.000000
0.000000
0.000000
0.000000
0.000000
0.000000
0.000000
0.000000
0.000000
0.000000
0.000000
0.000000
0.000000
0.000000
0.000000
0.000000
0.000000
0.000000
0.000000
0.000000
0.000000
0.000000
0.000000
0.000000
0.000000
0.000000
0.000000
0.000000
0.000000
0.000000
0.000000
0.000000
0.000000
0.000000
0.000000
0.000000
0.000000
0.000000
0.000000
0.000000
0.000000
0.000000
0.000000
0.000000
0.000000
0.000000
0.000000
0.000000
0.000000
0.000000
0.000000
0.000000
0.000000
0.000000
0.000000
0.000000
0.000000
0.000000
0.000000
0.000000
0.000000
0.000000
0.000000
0.000000
0.000000
0.000000
0.000000
0.000000
0.000000
0.000000
0.000000
0.000000
0.000000
0.000000
0.000000
0.000000
0.000000
0.000000
0.000000
0.000000
0.000000
0.000000
0.000000
0.000000
0.000000
0.000000
0.000000
0.000000
0.000000
0.000000
0.000000
0.000000
0.000000
0.000000
0.000000
0.000000
0.000000
0.000000
0.000000
0.000000
0.000000
0.000000
0.000000
0.000000
0.000000
0.000000
0.000000
0.000000
0.000000
0.000000
0.000000
0.000000
0.000000
0.000000
0.000000
0.000000
0.000000
0.000000
0.000000
0.000000
0.000000
0.000000
0.000000
0.000000
0.000000
0.000000
0.000000
0.000000
0.000000
0.000000
0.000000
0.000000
0.000000
0.000000
0.000000
0.000000
0.000000
0.000000
0.000000
0.000000
0.000000
0.000000
0.000000
0.000000
0.000000
0.000000
0.000000
0.000000
0.000000
0.000000
0.000000
0.000000
0.000000
0.000000
0.188886
0.044910
0.045636
0.023841
0.000000
0.278036
0.248943
0.189398
0.106485
0.000000
0.096015
0.122620
0.215356
0.213310
0.360312
0.025363
0.073197
0.170128
0.322713
0.036280
0.000000
0.240707
0.354176
0.164845
0.266777
0.409270
0.079893
0.140226
0.000000
0.076958
0.197146
0.133952
0.132915
0.311106
0.274937
0.031309
0.000000
0.159583
0.000000
0.319738
0.119623
0.109794
0.020070
0.146502
0.043605
0.308837
0.324090
0.260874
0.018690
0.323318
0.194476
0.265027
0.346262
0.134729
0.193819
0.178204
0.036855
0.177080
0.000000
0.085268
0.000000
0.000000
0.038497
0.196196
0.099452
0.016975
0.222186
0.097952
0.237679
0.516475
0.170121
0.187055
0.064172
0.294833
0.343282
0.198666
0.301060
0.417962
0.222313
0.126070
0.470234
0.109025
0.249313
0.066638
0.169940
0.098234
0.200624
0.000000
0.119197
0.041343
0.011943
0.077207
0.246390
0.183120
0.149650
0.078056
0.266913
0.438757
0.120933
0.094462
0.063171
0.272871
0.379919
0.206686
0.226831
0.396154
0.075147
0.085999
0.107428
0.075050
0.000000
0.215012
0.414344
0.233458
0.116041
0.071193
0.137031
0.198804
0.120287
0.123916
0.000000
0.090243
0.357153
0.076685
0.085048
0.089917
0.140343
0.067428
0.400658
0.338280
0.269614
0.223020
0.216993
0.065078
0.148154
0.000000
0.238584
0.000000
0.092373
0.398847
0.262069
0.214159
0.000000
0.105433
0.077435
0.128635
0.019444
0.136721
0.107315
0.258486
0.199019
0.042123
0.166169
0.168667
0.000000
0.132971
0.158627
0.396711
0.204402
0.236237
0.112134
0.147757
0.451459
0.196143
0.127401
0.056766
0.000000
0.272746
0.151805
0.171778
0.289831
0.048142
0.000000
0.233809
0.230263
0.147464
0.278736
0.140263
0.133267
0.161941
0.063377
0.000000
0.070225
0.271939
0.265492
0.422789
0.164389
0.134576
0.000000
0.212503
0.023585
0.094108
0.245510
0.134335
0.251098
0.334002
0.570300
0.585463
0.485675
0.156593
0.335804
0.478407
0.408037
0.346589
0.269564
0.616813
0.385090
0.245671
0.327413
0.401637
0.719103
0.769794
0.140533
0.765431
0.451419
0.323634
0.192767
0.218081
0.449399
0.312663
0.363769
0.818824
0.377879
0.270595
0.449386
0.233179
0.290697
0.345256
0.373994
0.592105
0.326437
0.539722
0.445833
0.420611
0.601422
0.310340
0.326016
0.550668
0.182829
0.432984
0.390030
0.442645
0.066313
0.165228
0.307523
0.675209
0.340749
0.366289
0.309101
0.760252
0.321687
0.350940
0.178809
0.357559
0.450125
0.180042
0.774039
0.397787
0.352546
0.402708
0.257443
0.511240
0.574093
0.610890
0.496019
0.297362
0.327740
0.626878
0.265641
0.229731
0.426430
0.353144
0.295272
0.420259
0.234310
0.170437
0.825146
0.414465
0.429638
0.262350
0.394639
0.313089
0.774343
0.496876
0.434865
0.163640
0.292617
0.225942
0.480191
0.322559
0.415193
0.571160
0.403334
0.316427
0.489912
0.260527
0.369261
0.515592
0.462689
0.118666
0.190403
0.561403
0.489636
0.598176
0.662063
0.265273
0.642281
0.246423
0.119653
0.334074
0.120419
0.494479
0.430817
0.521821
0.373446
0.283052
0.260456
0.109123
0.394852
0.532629
0.493109
0.543771
0.356612
0.394416
0.479997
0.337649
0.385229
0.412721
0.239269
0.276429
0.227189
0.020163
0.299934
0.032591
0.439897
0.082127
0.216467
0.411006
0.921258
0.358561
0.150316
0.296250
0.374490
0.282898
0.363329
0.231859
0.207942
0.392256
0.372126
0.652818
0.828389
0.576614
0.510893
0.234562
0.369461
0.460243
0.592732
0.506619
0.362255
0.517738
0.634347
0.344530
0.371240
0.378419
0.320306
0.509154
0.470418
0.460424
0.418555
0.364936
0.397505
0.718316
0.447418
0.470305
0.573024
0.205313
0.682626
0.268840
0.371474
0.419505
0.530982
0.220999
0.682156
0.594017
0.382311
0.175014
0.662703
0.405469
0.355794
0.270097
0.471337
0.355261
1.539894
0.941747
1.066926
1.304758
1.071148
1.231555
0.878558
1.321499
1.234703
1.118321
1.387421
1.235893
1.107694
1.118749
1.088776
1.548784
0.950935
1.077549
1.167527
1.028571
1.212454
0.936517
0.861251
1.281567
1.062781
1.117537
1.332283
0.947524
0.950821
1.083330
1.155467
1.290011
1.138435
1.555288
1.140009
1.236528
1.172619
0.964824
1.172720
1.237784
1.179521
1.099362
0.749091
0.856529
1.204434
1.313187
1.243574
0.821843
1.264330
1.173063
1.624186
0.976158
1.481723
1.126360
1.017197
1.268419
0.966752
1.116562
1.171334
1.139519
1.016657
1.223464
0.898014
1.382028
1.251239
1.486904
1.011741
1.002541
1.029876
1.185704
1.239565
1.113159
1.372201
1.037893
0.845030
1.238314
1.141073
1.356521
1.124465
1.177885
1.019541
1.086710
1.050236
1.317341
0.841111
1.110360
0.874049
1.318914
1.125560
1.073972
1.072303
1.004755
0.953944
1.420527
1.156584
1.073663
1.085296
1.530672
1.091352
0.988694
0.923574
1.417170
1.127837
1.137069
1.090163
1.165381
1.559900
1.205483
1.047901
0.997051
1.016482
1.052713
0.840119
1.205532
1.223606
1.275525
0.969670
1.119225
0.930531
0.837234
0.815839
1.183313
1.371164
1.005697
1.313866
1.107985
1.242399
0.948042
1.297907
1.728842
1.133860
1.236387
1.332498
1.154778
1.039657
0.997606
1.041451
1.110803
1.091684
1.147539
1.221541
1.203926
1.466971
1.430882
1.166183
1.048770
1.048630
1.390315
0.936951
1.147156
1.184569
0.904576
1.185207
0.914745
1.069727
1.272173
1.346659
1.410493
1.009999
1.290830
1.153724
1.515321
1.175628
1.428306
1.055228
1.309479
1.025801
0.984628
0.991576
0.989632
1.439230
1.106071
1.206761
1.012756
1.073750
1.183090
1.019656
1.261601
0.877176
1.066824
1.072142
1.192776
1.278302
0.989383
1.077453
0.960043
1.066656
1.013019
1.168483
1.279444
0.995509
1.021693
1.015294
0.946980
0.901274
1.527395
1.211208
0.800757
0.975652
0.909198
0.820934
1.026443
0.898228
0.874849
0.896798
1.076936
0.793628
0.864759
0.937643
1.052430
1.047748
1.110878
0.980510
0.794078
1.449178
0.900638
0.970235
0.975772
0.784099
1.034406
1.141074
1.182615
0.950318
1.339341
1.116004
0.945010
0.741798
1.039384
0.970695
0.990584
1.349906
1.172719
0.909180
0.964915
1.240809
0.871798
0.857783
1.021060
0.996770
0.980421
1.122711
1.232930
1.010782
0.988600
1.078009
1.108167
1.213381
1.006680
0.798882
1.086773
0.861598
1.113161
1.131354
0.813657
1.109822
1.237386
1.227158
1.061475
0.907207
1.039358
1.198428
1.048459
1.067535
1.290624
0.835408
1.097472
0.930385
1.134217
1.077185
1.041865
1.010895
1.049825
0.811130
0.971503
1.050848
0.896033
1.060956
1.103087
0.909146
0.846301
1.001591
1.361976
0.876972
1.003281
0.867902
1.234613
1.012084
0.866091
0.954869
1.089112
1.097705
1.107110
0.907155
0.918580
0.725821
0.769046
0.939047
1.073924
0.859776
0.914299
0.860296
1.046843
1.025088
1.122144
0.707553
1.336902
0.959761
1.114142
0.992680
1.185131
0.887946
0.882862
0.984228
0.930008
1.126890
0.926285
1.120988
1.051514
0.877681
1.375713
1.044978
1.092604
0.968702
0.988619
0.934501
1.153684
1.084310
1.068010
1.389000
0.646239
1.006457
0.765112
1.287310
0.988286
1.003219
1.384874
0.777356
0.870483
1.242211
1.198365
1.182305
0.717770
0.903137
1.192467
0.823748
0.913954
0.827753
1.111779
1.049037
1.452116
1.129141
0.925950
1.128672
1.348523
0.952610
1.031280
0.956793
0.905863
1.247824
0.885896
1.162134
1.115006
1.298653
1.022844
1.047566
1.145428
0.957375
0.998758
0.827525
1.280547
1.273674
1.380330
1.258304
1.357305
0.973120
1.154018
1.020820
0.917131
0.826358
0.942006
1.165107
1.269310
1.167655
1.240063
0.622044
0.877075
0.736971
1.211424
1.145001
0.861681
1.380606
1.226820
0.487518
0.524329
0.017313
0.531621
0.427845
0.297162
0.255892
0.401594
0.296322
0.189019
0.097355
0.247702
0.257224
0.325871
0.433011
0.125681
0.599186
0.180087
0.390612
0.308250
0.407081
0.317147
0.296593
0.325477
0.107467
0.728485
0.356154
0.366471
0.406704
0.542069
0.230093
0.180216
0.288217
0.110866
0.412853
0.544043
0.138049
0.273737
0.119260
0.279121
0.284801
0.338088
0.180454
0.549583
0.236690
0.340623
0.648208
0.458092
0.655981
0.557762
0.321476
0.280168
0.214660
0.383930
0.558666
0.414388
0.337694
0.253983
0.361056
0.355487
0.289007
0.309864
0.316204
0.328396
0.594184
0.302505
0.282432
0.229604
0.241553
0.578816
0.248501
0.519179
0.138967
0.320504
0.384667
0.531860
0.213427
0.416376
0.336138
0.377451
0.190612
0.164880
0.143295
0.246012
0.352550
0.431317
0.243445
0.520328
0.169172
0.024943
0.094349
0.733580
0.092352
0.254636
0.014605
0.489571
0.355039
0.685485
0.147104
0.294848
0.344653
0.310967
0.340954
0.258068
0.152050
0.571549
0.343829
0.267899
0.578232
0.498214
0.339290
0.394519
0.127612
0.578030
0.563959
0.514820
0.076539
0.604019
0.290037
0.189804
0.266455
0.361704
0.182395
0.066133
0.505250
0.034441
0.208935
0.393773
0.594232
0.356003
0.168242
0.280670
0.326376
0.421865
0.228975
0.387346
0.323369
0.187822
0.000000
0.268828
0.412118
0.347327
0.438508
0.037159
0.140396
0.186682
0.181804
0.211902
0.346947
0.375983
0.198980
0.184632
0.347906
0.414854
0.465935
0.197274
0.220643
0.268760
0.182680
0.133978
0.247576
0.623361
0.056153
0.419513
0.267779
0.292260
0.350620
0.332671
0.392968
0.782485
0.377461
0.331596
0.255287
0.195296
0.105319
0.342249
0.210857
0.566507
0.160110
0.428832
0.279330
0.778926
0.366250
0.197006
0.415795
0.600894
0.696952
0.371764
0.126093
0.109103
0.026094
0.116745
0.293613
0.427399
0.593356
0.314450
0.281590
0.773091
0.291204
0.243706
0.601851
0.519091
0.262207
0.467713
0.353886
0.421840
0.392323
0.527708
0.400788
0.424374
1.080233
0.371561
0.393079
0.533111
0.424026
0.466191
0.660437
0.615547
0.318467
0.206467
0.232580
0.580753
0.330199
0.538398
0.418028
0.455908
0.627363
0.419695
0.451962
0.523555
0.763751
0.289981
0.355189
0.396499
0.278074
0.642950
0.625856
0.230872
0.348803
0.349693
0.546109
0.346884
0.244686
0.548573
0.397345
0.517657
0.388617
0.285532
0.576972
0.095416
0.683402
0.512457
0.274245
0.513566
0.376828
0.265449
0.168292
0.430278
0.439575
0.607794
0.445518
0.492799
0.372009
0.286591
0.574979
0.487427
0.573371
0.297757
0.158773
0.469202
0.577687
0.462787
0.680708
0.477359
0.138944
0.332083
0.474367
0.190836
0.478107
0.647413
0.449978
0.450240
0.723942
0.259073
0.438415
0.359812
0.412860
0.198076
0.585681
0.467396
0.354548
0.168620
0.423506
0.282206
0.300828
0.339350
0.127711
0.636241
0.288932
0.528714
0.248832
0.679758
0.259465
0.298428
0.501676
0.575431
0.290535
0.459801
0.411595
0.353824
0.389699
0.588484
0.593630
0.559531
0.796320
0.343583
0.264321
0.395718
0.342079
0.337099
0.417849
0.170643
0.364303
0.166670
0.389862
0.239228
0.483376
0.384821
0.516923
0.430353
0.257971
0.226020
0.363599
0.203715
0.572041
0.500219
0.000000
0.578996
0.427234
0.486700
0.110811
0.376771
0.397313
0.367340
0.437462
0.362088
0.331783
0.691411
0.720414
0.581538
0.372710
0.920547
0.889227
0.371164
0.661026
0.621429
0.392356
0.355383
0.766909
0.468681
0.411791
0.484977
0.486167
0.372655
0.473339
0.318080
0.414457
0.391155
0.450130
0.126452
0.464247
0.166509
0.401739
0.554922
0.141400
0.322036
0.346010
0.471791
0.461826
0.406084
0.595009
0.549478
0.558832
0.543284
0.340553
0.430904
0.180933
0.309497
0.321666
0.391329
0.446885
0.522727
0.000000
0.000000
0.000000
0.000000
0.000000
0.000000
0.000000
0.000000
0.000000
0.000000
0.000000
0.000000
0.000000
0.000000
0.000000
0.000000
0.000000
0.000000
0.000000
0.000000
0.000000
0.000000
0.000000
0.000000
0.000000
0.000000
0.000000
0.000000
0.002728
0.000000
0.000000
0.000000
0.000000
0.000000
0.000000
0.000000
0.000000
0.000000
0.000000
0.000000
0.000000
0.000000
0.000000
0.000000
0.000000
0.000000
0.000000
0.000000
0.000000
0.000000
0.000000
0.000000
0.000000
0.000000
0.000000
0.000000
0.000000
0.000000
0.000000
0.000000
0.000000
0.000000
0.000000
0.000000
0.000000
0.000000
0.000000
0.000000
0.000000
0.000000
0.000000
0.000000
0.000000
0.000000
0.000000
0.000000
0.000000
0.000000
0.000000
0.000000
0.000000
0.000000
0.000000
0.000000
0.000000
0.000000
0.000000
0.000000
0.000000
0.000000
0.000000
0.000000
0.000000
0.000000
0.000000
0.000000
0.000000
0.000000
0.000000
0.000000
0.000000
0.000000
0.000000
0.000000
0.000000
0.000000
0.000000
0.000000
0.000000
0.000000
0.000000
0.000000
0.000000
0.000000
0.000000
0.000000
0.000000
0.000000
0.000000
0.000000
0.000000
0.000000
0.000000
0.000000
0.000000
0.000000
0.000000
0.000000
0.000000
0.000000
0.000000
0.000000
0.000000
0.000000
0.000000
0.000000
0.000000
0.000000
0.000000
0.000000
0.000000
0.000000
0.000000
0.000000
0.000000
0.000000
0.000000
0.000000
0.000000
0.000000
0.000000
0.000000
0.000000
0.000000
0.000000
0.000000
0.000000
0.000000
0.000000
0.000000
0.000000
0.000000
0.000000
0.000000
0.000000
0.000000
0.000000
0.000000
0.000000
0.000000
0.000000
0.000000
0.000000
0.000000
0.000000
0.000000
0.000000
0.000000
0.000000
0.000000
0.000000
0.000000
0.000000
0.000000
0.000000
0.000000
0.000000
0.000000
0.000000
0.000000
0.000000
0.000000
0.000000
0.000000
0.000000
0.000000
0.507275
0.430055
0.200130
0.370168
0.158056
0.191876
0.221264
0.406408
0.390058
0.415599
0.156919
0.321597
0.353918
0.517230
0.521906
0.310619
0.272954
0.453715
0.691173
0.439756
0.488395
0.459666
0.250099
0.178852
0.312638
0.248963
0.236605
0.289660
0.226455
0.463690
0.354847
0.230605
0.523906
0.129328
0.219384
0.540108
0.173071
0.344088
0.185629
0.313204
0.375904
0.321787
0.215997
0.458180
0.279075
0.254468
0.471711
0.292990
0.637934
0.293719
0.763728
0.150779
0.361254
0.404898
0.340159
0.206832
0.343774
0.216189
0.226163
0.334616
0.579344
0.310129
0.244440
0.300012
0.594997
0.768118
0.155749
0.170282
0.268556
0.540158
0.289701
0.280555
0.361070
0.170488
0.383432
0.407901
0.302691
0.379998
0.242015
0.442704
0.404213
0.215079
0.247560
0.252712
0.293561
0.545117
0.205940
0.308208
0.438964
0.449224
0.072637
0.270051
0.455413
0.529398
0.128924
0.349847
0.282557
0.241680
0.227907
0.149294
0.395879
0.444560
0.294264
0.070428
0.353520
0.379994
0.161389
0.271497
0.633883
0.529766
0.427515
0.358781
0.323232
0.215780
0.151550
0.293229
0.489346
0.656620
0.461842
0.518587
0.317961
0.514694
0.218205
0.315501
0.321097
0.304778
0.568894
0.259335
0.359699
0.413124
0.060844
0.693499
0.799565
0.380075
0.340232
0.332894
0.279868
0.328493
0.155710
0.093063
0.362804
0.122077
0.145952
0.211074
0.702277
0.173746
0.305078
0.167061
0.690949
0.364396
0.238004
0.411104
0.602633
0.269605
0.165886
0.373604
0.406152
0.261529
0.233800
0.316044
0.451452
0.434152
0.165175
0.336378
0.296485
0.325626
0.440659
0.418236
0.334967
0.326987
0.260766
0.522344
0.227622
0.179811
0.309449
0.042114
0.409980
0.328826
0.124620
0.326797
0.220136
0.355681
0.371998
0.534805
0.206177
0.515854
0.000000
0.294395
0.249797
0.247405
0.210089
0.468214
0.517607
0.169107
0.396965
0.255831
0.363076
0.284560
0.292439
0.279984
0.471515
0.341316
0.376139
0.126855
0.246025
0.387896
0.334666
0.284667
0.199646
0.340541
0.243651
0.407487
0.322415
0.380731
0.570814
0.595971
0.077466
0.271795
0.392357
0.195783
0.115059
0.719319
0.556271
0.149257
0.670738
0.264557
0.455970
0.200667
0.386774
0.214704
0.369898
0.465245
0.484596
0.376557
0.429982
0.098145
0.427492
0.519905
0.345493
0.309327
0.093493
0.134759
0.050097
0.359255
0.389000
0.460180
0.265646
0.123537
0.270906
0.663408
0.101090
0.355732
0.317394
0.276002
0.463220
0.127551
0.374857
0.486398
0.436139
0.352453
0.292414
0.423319
0.345081
0.169668
0.287359
0.338831
0.307265
0.356621
0.434994
0.088584
0.531224
0.275147
0.313526
0.172678
0.195291
0.123827
0.435817
0.184063
0.313455
0.017424
0.630428
0.177637
0.538546
0.000000
0.620032
0.000000
0.170956
0.144754
0.142299
0.199502
0.329056
0.361830
0.314473
0.304046
0.358592
0.434092
0.248589
0.118217
0.020446
0.237426
0.198944
0.211125
0.326102
0.072672
0.176891
0.300859
0.579898
0.319959
0.372813
0.172683
0.074082
0.266872
0.581150
0.017358
0.329112
0.193496
0.302173
0.000000
0.571510
0.521923
0.348734
0.286607
0.437753
0.458409
0.281061
0.259458
0.342243
0.166640
0.061969
0.050772
0.280329
0.357834
0.286252
0.044502
0.215362
0.364778
0.004812
0.276557
0.326362
0.406236
0.183939
0.145442
0.285970
0.000000
0.050824
0.411381
0.129312
0.264419
0.275674
0.391064
0.224197
0.329897
0.093945
0.190659
0.394674
0.375945
0.331965
0.000000
0.426533
0.635909
0.634678
0.249764
0.466658
0.241368
0.120827
0.413387
0.267130
0.440522
0.552412
0.444255
0.601898
0.467060
0.363470
0.240289
0.285083
0.315399
0.233689
0.107081
0.124297
0.326407
0.404663
0.441396
0.299351
0.434573
0.442942
0.321839
0.294865
0.483636
0.151267
0.462004
0.283101
0.323865
0.467422
0.626659
0.495084
0.445835
0.700333
0.311869
0.343249
0.505239
0.896616
0.548671
0.547861
0.355595
0.544103
0.417679
0.450185
0.570351
0.466336
0.592931
0.432509
0.507689
0.242166
0.378443
0.504171
0.414537
0.408295
0.715461
0.346478
0.413397
0.386396
0.319366
0.541083
0.600690
0.527875
0.422449
0.546850
0.416526
0.423204
0.464478
0.312424
0.762109
0.497782
0.423937
0.444676
0.358760
0.532735
0.394984
0.360372
0.403671
0.532798
0.412604
0.523735
0.373482
0.456798
0.514764
0.618600
0.290258
0.388833
0.429437
0.567130
0.534742
0.377233
0.416405
0.444310
0.433455
0.387087
0.352697
0.343424
0.612023
0.667336
0.804776
0.423996
0.508575
0.329447
0.294117
0.601298
0.333273
0.469403
0.330462
0.590183
0.443697
0.531646
0.548331
0.428956
0.880771
0.220096
0.609417
0.370834
0.410464
0.821029
0.439382
0.500870
0.458610
0.451300
0.501715
0.269354
0.493423
0.323279
0.515673
0.626305
0.804419
0.429700
0.505029
0.250566
0.407636
0.253593
0.460137
0.355288
0.419672
0.280021
0.589390
0.499289
0.290939
0.632953
0.463900
0.461691
0.546361
0.781462
0.595616
0.550186
0.448713
0.511263
0.461879
0.418917
0.630930
0.680255
0.853468
0.232495
0.663499
0.774362
0.692233
0.304007
0.705605
0.594311
0.353913
0.455939
0.445356
0.259872
0.354829
0.434551
0.430996
0.561028
0.266734
0.538875
0.436157
0.298448
0.452948
0.424850
0.349767
0.444418
0.643658
0.368401
0.449945
0.461866
0.384022
0.643165
0.547721
0.371255
0.475906
0.699395
0.506235
0.393007
0.490087
0.570035
0.566256
0.282823
0.627981
0.525129
0.356649
0.839852
0.718670
0.505140
0.229787
0.249538
0.465132
0.688719
0.795227
0.260802
0.635135
0.252053
0.530751
0.580907
0.470809
0.417520
0.795873
0.907956
0.468415
0.671187
0.503720
0.422774
0.429622
0.307939
0.377835
0.460259
0.448262
0.395232
0.384422
0.000000
0.000000
0.000000
0.000000
0.000000
0.000000
0.000000
0.000000
0.000000
0.000000
0.000000
0.000000
0.000000
0.000000
0.000000
0.000000
0.000000
0.000000
0.000000
0.000000
0.000000
0.000000
0.000000
0.000000
0.000000
0.000000
0.000000
0.000000
0.000000
0.000000
0.000000
0.000000
0.000000
0.000000
0.000000
0.000000
0.000000
0.000000
0.000000
0.000000
0.000000
0.000000
0.000000
0.000000
0.000000
0.000000
0.000000
0.000000
0.000000
0.000000
0.000000
0.000000
0.000000
0.000000
0.000000
0.000000
0.000000
0.000000
0.000000
0.000000
0.000000
0.000000
0.000000
0.000000
0.000000
0.000000
0.000000
0.000000
0.000000
0.000000
0.000000
0.000000
0.000000
0.000000
0.000000
0.000000
0.000000
0.000000
0.000000
0.000000
0.000000
0.000000
0.000000
0.000000
0.000000
0.000000
0.000000
0.000000
0.000000
0.000000
0.000000
0.000000
0.000000
0.000000
0.000000
0.000000
0.000000
0.000000
0.000000
0.000000
0.000000
0.000000
0.000000
0.000000
0.000000
0.000000
0.000000
0.000000
0.000000
0.000000
0.000000
0.000000
0.000000
0.000000
0.000000
0.000000
0.000000
0.000000
0.000000
0.000000
0.000000
0.000000
0.000000
0.000000
0.000000
0.000000
0.000000
0.000000
0.000000
0.000000
0.000000
0.000000
0.000000
0.000000
0.000000
0.000000
0.000000
0.000000
0.000000
0.000000
0.000000
0.000000
0.000000
0.000000
0.000000
0.000000
0.000000
0.000000
0.000000
0.000000
0.000000
0.000000
0.000000
0.000000
0.000000
0.000000
0.000000
0.000000
0.000000
0.000000
0.000000
0.000000
0.000000
0.000000
0.000000
0.000000
0.000000
0.000000
0.000000
0.000000
0.000000
0.000000
0.000000
0.000000
0.000000
0.000000
0.000000
0.000000
0.000000
0.000000
0.000000
0.000000
0.000000
0.000000
0.000000
0.000000
0.000000
0.000000
0.000000
0.000000
0.000000
0.000000
0.000000
0.000000
0.000000
0.000000
0.198336
0.075661
0.157448
0.192976
0.250416
0.000000
0.000000
0.109742
0.096741
0.030886
0.000000
0.025935
0.239161
0.000000
0.254327
0.149873
0.195298
0.000000
0.000000
0.000000
0.017908
0.211565
0.084980
0.000000
0.099402
0.000000
0.125435
0.011317
0.000000
0.114543
0.184212
0.119329
0.000000
0.223512
0.075477
0.219510
0.000000
0.000000
0.060145
0.164949
0.200568
0.000000
0.000000
0.013543
0.308378
0.000000
0.131176
0.000000
0.000000
0.060141
0.003064
0.084449
0.157982
0.122898
0.000000
0.000000
0.059385
0.208801
0.000000
0.218978
0.000000
0.000000
0.264673
0.228724
0.000000
0.113826
0.061309
0.000000
0.155162
0.138740
0.340946
0.000000
0.388863
0.000000
0.155995
0.222948
0.204165
0.127459
0.097215
0.070945
0.000000
0.211416
0.107674
0.114794
0.000000
0.000000
0.019302
0.045115
0.059056
0.051634
0.000000
0.107219
0.000000
0.261609
0.286346
0.152675
0.298088
0.000000
0.103657
0.123159
0.154094
0.254641
0.000000
0.193537
0.089658
0.000000
0.046342
0.098115
0.177385
0.069891
0.000000
0.041533
0.354721
0.108700
0.064443
0.129906
0.255521
0.000000
0.189629
0.000000
0.000000
0.026825
0.112423
0.059804
0.361601
0.085835
0.000000
0.338572
0.291942
0.268685
0.090453
0.000000
0.114925
0.119223
0.000000
0.222539
0.259967
0.147378
0.327923
0.108912
0.000000
0.048850
0.066606
0.105516
0.005976
0.044620
0.095298
0.000000
0.173968
0.000000
0.000000
0.007893
0.068474
0.059839
0.122442
0.000000
0.245129
0.105475
0.164891
0.000000
0.225576
0.026817
0.106831
0.000000
0.167197
0.000000
0.104139
0.309117
0.000000
0.027776
0.130395
0.000000
0.094684
0.046941
0.000000
0.000000
0.408246
0.332863
0.236889
0.241753
0.104269
0.229207
0.193682
0.009365
0.085025
0.312695
0.003090
0.184756
0.111540
0.000000
0.088977
0.000000
0.114175
0.143275
0.087189
0.020791
0.499140
0.686795
0.594381
0.540404
0.581981
0.412602
0.555760
0.470848
0.265378
0.625657
0.559164
0.467396
0.656131
0.598963
0.818156
0.793027
0.536984
0.472781
0.509219
0.556541
0.773320
0.401664
0.386308
0.537301
0.667990
0.479321
0.726512
0.414915
0.666939
0.912226
0.355983
0.465970
0.656311
0.697509
0.469864
0.473089
0.505439
0.786368
0.414894
0.357015
0.447888
0.610142
0.676695
0.718059
0.894222
0.557099
0.650160
0.320149
0.759296
0.346387
0.615637
0.442942
0.533705
1.045756
0.870300
0.484492
0.980612
0.636345
0.244823
0.671771
0.527420
0.709704
0.523800
0.580360
0.285135
0.473302
0.533313
0.545950
0.480178
0.573299
0.890135
0.470631
0.590023
0.608207
0.341095
0.560575
0.429276
0.465306
0.380131
0.604007
0.768334
0.683788
0.630527
0.791953
0.481301
0.431775
0.558790
0.946667
0.567050
0.768487
0.700360
0.701041
0.415465
0.661089
0.678716
0.348596
0.463272
0.818205
0.661909
0.745135
0.922596
0.693882
0.510439
0.460183
0.821022
0.562014
0.378186
0.876830
0.855734
0.522044
0.707646
0.528805
0.829933
0.220027
0.835602
0.678782
0.657551
0.621400
0.323989
0.690356
0.576115
0.678816
0.597296
0.564566
0.724311
0.305837
0.593057
0.586609
0.809493
0.618810
0.421636
0.924119
0.593420
0.504467
0.535476
1.048189
0.537865
0.708110
0.541366
0.746874
0.275508
0.569701
0.867502
0.533435
0.663827
0.532076
0.714153
0.328943
0.808969
0.391311
0.485273
0.536298
0.413708
0.867528
0.713357
0.466304
0.686035
0.510213
0.378176
0.373038
0.539734
0.651193
0.763669
0.476184
0.611119
0.579962
0.638255
0.705063
0.681852
0.559968
0.397221
0.575695
0.508681
0.378612
0.447722
0.360467
0.471750
0.482475
0.600948
0.230042
0.552405
0.806767
0.470697
0.600808
0.640002
0.634705
0.315463
0.617826
0.509447
0.358790
0.618704
0.542316
0.533470
0.518167
0.525084
0.787245
0.143446
0.000000
0.000000
0.000000
0.129068
0.041283
0.000000
0.000000
0.102216
0.000000
0.255422
0.000000
0.033081
0.104773
0.000000
0.077441
0.000000
0.000000
0.000000
0.000000
0.000000
0.000000
0.341996
0.000000
0.000000
0.084332
0.101550
0.000000
0.000000
0.131731
0.000000
0.000000
0.000000
0.000000
0.013076
0.000000
0.000000
0.083107
0.000000
0.148265
0.000000
0.000000
0.000000
0.000000
0.000000
0.127021
0.000000
0.045040
0.079904
0.014186
0.000000
0.274069
0.022131
0.000000
0.063208
0.080630
0.075344
0.042971
0.000000
0.000000
0.000000
0.247405
0.000000
0.349348
0.000000
0.000000
0.000000
0.000000
0.000000
0.000000
0.031890
0.018903
0.234529
0.000000
0.000000
0.000000
0.196177
0.091288
0.231848
0.000000
0.000000
0.000000
0.008985
0.000000
0.000000
0.010196
0.000000
0.256003
0.303020
0.000000
0.043270
0.000000
0.000000
0.032789
0.000000
0.000000
0.000000
0.489441
0.280575
0.000000
0.000000
0.000000
0.118939
0.000000
0.110226
0.000000
0.000000
0.127447
0.396316
0.000000
0.220175
0.011054
0.397591
0.164514
0.129177
0.000000
0.255336
0.000000
0.000000
0.064336
0.183886
0.107589
0.031027
0.000000
0.000000
0.000000
0.000000
0.000000
0.000000
0.035451
0.000000
0.000000
0.175148
0.000000
0.252889
0.056664
0.029664
0.145634
0.000000
0.000000
0.000000
0.000000
0.000000
0.000000
0.184519
0.000000
0.135483
0.000000
0.000000
0.000000
0.000000
0.048322
0.000000
0.000000
0.000000
0.116058
0.000000
0.073565
0.000000
0.000000
0.000000
0.000000
0.000000
0.032276
0.091470
0.250717
0.000000
0.000000
0.016468
0.165631
0.000000
0.000000
0.009679
0.000000
0.000000
0.065546
0.000000
0.000000
0.000000
0.082979
0.009139
0.194895
0.028269
0.000000
0.000000
0.187709
0.132100
0.087486
0.000000
0.000000
0.037313
0.290547
0.000000
0.000000
0.112853
0.000000
0.299749
0.267455
0.071771
0.289008
0.143555
0.168017
0.533731
0.384977
0.204176
0.082680
0.221191
0.110025
0.061776
0.259998
0.206796
0.260027
0.148418
0.285072
0.000000
0.245005
0.110656
0.341044
0.000000
0.448664
0.168931
0.415883
0.308566
0.414566
0.165265
0.261369
0.222175
0.362634
0.217537
0.116768
0.219158
0.106697
0.696918
0.101281
0.569665
0.167930
0.388496
0.459793
0.264752
0.597624
0.041673
0.207085
0.137674
0.112875
0.142328
0.324305
0.085906
0.077094
0.006994
0.181383
0.199327
0.221856
0.105074
0.596216
0.125103
0.274564
0.355752
0.070960
0.200905
0.193235
0.143154
0.082139
0.265340
0.183933
0.268588
0.329123
0.154648
0.275400
0.179341
0.233315
0.263064
0.242203
0.342208
0.307667
0.251685
0.077562
0.065189
0.407782
0.351548
0.403294
0.284545
0.321397
0.223683
0.190794
0.232193
0.110647
0.362390
0.182724
0.149437
0.215908
0.271344
0.200151
0.245313
0.345700
0.121327
0.261699
0.223333
0.243517
0.117313
0.271338
0.048750
0.347521
0.525816
0.347220
0.444182
0.310638
0.329308
0.210554
0.267344
0.490846
0.424765
0.457066
0.343551
0.342804
0.303419
0.423935
0.100684
0.145353
0.308451
0.213176
0.349990
0.345259
0.093777
0.323285
0.128206
0.418205
0.272172
0.435453
0.498114
0.305730
0.290147
0.136031
0.471106
0.260893
0.190420
0.314808
0.102219
0.577142
0.761106
0.000000
0.217672
0.576480
0.288801
0.295765
0.224168
0.238912
0.396140
0.250513
0.576246
0.367673
0.525622
0.144843
0.375277
0.314412
0.234201
0.564070
0.096491
0.202464
0.254927
0.156538
0.605403
0.234161
0.379744
0.146774
0.632140
0.364813
0.105036
0.100629
0.164122
0.016758
0.366286
0.124727
0.352925
0.123674
0.150954
0.000000
0.233847
0.107044
0.054318
0.415843
0.283293
0.139479
0.163795
0.274361
0.158782
0.236706
0.195337
0.184608
0.441389
0.209564
0.240665
0.198022
0.000000
0.000000
0.000000
0.000000
0.000000
0.000000
0.000000
0.000000
0.000000
0.000000
0.000000
0.000000
0.000000
0.000000
0.000000
0.000000
0.000000
0.000000
0.000000
0.000000
0.000000
0.000000
0.000000
0.000000
0.000000
0.000000
0.000000
0.000000
0.000000
0.000000
0.000000
0.000000
0.000000
0.000000
0.000000
0.000000
0.000000
0.000000
0.000000
0.000000
0.000000
0.000000
0.000000
0.000000
0.000000
0.000000
0.000000
0.000000
0.000000
0.000000
0.000000
0.000000
0.000000
0.000000
0.000000
0.000000
0.000000
0.000000
0.000000
0.000000
0.000000
0.000000
0.000000
0.000000
0.000000
0.000000
0.000000
0.000000
0.000000
0.000000
0.000000
0.000000
0.000000
0.000000
0.000000
0.000000
0.000000
0.000000
0.000000
0.000000
0.000000
0.000000
0.000000
0.000000
0.000000
0.000000
0.000000
0.096164
0.000000
0.000000
0.000000
0.000000
0.000000
0.000000
0.000000
0.000000
0.000000
0.000000
0.000000
0.000000
0.000000
0.000000
0.000000
0.000000
0.000000
0.000000
0.000000
0.000000
0.000000
0.000000
0.000000
0.000000
0.000000
0.000000
0.000000
0.000000
0.000000
0.000000
0.000000
0.000000
0.000000
0.000000
0.000000
0.000000
0.000000
0.000000
0.000000
0.000000
0.000000
0.000000
0.000000
0.000000
0.000000
0.000000
0.000000
0.000000
0.000000
0.000000
0.000000
0.000000
0.000000
0.000000
0.000000
0.000000
0.000000
0.000000
0.000000
0.000000
0.000000
0.000000
0.000000
0.000000
0.000000
0.000000
0.000000
0.000000
0.000000
0.000000
0.000000
0.000000
0.000000
0.000000
0.000000
0.000000
0.000000
0.000000
0.000000
0.000000
0.000000
0.000000
0.000000
0.000000
0.000000
0.000000
0.000000
0.000000
0.000000
0.000000
0.000000
0.000000
0.000000
0.000000
0.000000
0.000000
0.000000
0.000000
0.000000
0.000000
0.000000
0.000000
0.000000
0.000000
0.000000
0.000000
0.000000
0.000000
0.193985
0.104310
0.278684
0.107205
0.062423
0.318104
0.039861
0.222706
0.060431
0.149510
0.426143
0.022561
0.342812
0.099666
0.009383
0.287009
0.038853
0.264313
0.000000
0.214399
0.127038
0.211346
0.104300
0.205692
0.208933
0.148319
0.057980
0.053461
0.023831
0.184647
0.008049
0.219006
0.134943
0.000000
0.288875
0.045449
0.244034
0.400435
0.201008
0.284478
0.110284
0.257213
0.000000
0.285034
0.059554
0.105454
0.035401
0.210822
0.102135
0.166596
0.225711
0.315079
0.290401
0.179789
0.339293
0.030078
0.010548
0.123942
0.155067
0.000000
0.167199
0.011007
0.429302
0.000000
0.162352
0.295189
0.115617
0.207706
0.018797
0.208201
0.471018
0.155644
0.259084
0.046761
0.036616
0.065113
0.223550
0.226869
0.024300
0.099808
0.180032
0.017646
0.475075
0.122409
0.202892
0.056414
0.097440
0.177545
0.201045
0.152708
0.135219
0.141055
0.118214
0.326773
0.158811
0.063340
0.304943
0.211066
0.120169
0.057658
0.026633
0.342996
0.000000
0.047161
0.441286
0.273160
0.000000
0.336237
0.000000
0.000000
0.352714
0.259214
0.151837
0.361333
0.165229
0.353494
0.166823
0.123015
0.395612
0.193582
0.232671
0.085748
0.416387
0.009768
0.221824
0.037584
0.084742
0.008545
0.176559
0.186291
0.150830
0.193058
0.084791
0.130030
0.236178
0.155765
0.252569
0.109149
0.010048
0.338775
0.147827
0.033825
0.215761
0.042635
0.259687
0.359706
0.304103
0.080599
0.000000
0.000000
0.151742
0.019215
0.038751
0.492564
0.087679
0.168761
0.171043
0.432328
0.365129
0.224890
0.053945
0.035333
0.234264
0.029290
0.272695
0.374746
0.194156
0.122430
0.189388
0.308279
0.032040
0.091010
0.000000
0.084770
0.303146
0.145167
0.224331
0.000000
0.152899
0.214171
0.466293
0.004086
0.018740
0.096062
0.089646
0.270238
0.233730
0.335584
0.202107
0.488867
0.096332
0.092757
0.123141
0.000000
0.038859
0.218761
0.415351
0.581026
0.473561
0.311777
0.182485
0.373580
0.363404
0.000000
0.437737
0.297664
0.273915
0.391093
0.347066
0.314154
0.275443
0.564576
0.707847
0.430647
0.396382
0.577336
0.143556
0.403342
0.351070
0.471207
0.312932
0.456146
0.069788
0.393916
0.494134
0.448823
0.399400
0.708392
0.253852
0.093025
0.145471
0.230505
0.258196
0.162802
0.595061
0.487492
0.371407
0.262273
0.336083
0.175133
0.540915
0.674835
0.155721
0.289829
0.506115
0.304338
0.464840
0.261603
0.423623
0.382724
0.586671
0.306971
0.233649
0.441959
0.484081
0.621021
0.689551
0.309628
0.288329
0.481223
0.473111
0.310445
0.272598
0.317634
0.343443
0.419825
0.115308
0.217473
0.476866
0.647424
0.628292
0.225378
0.265131
0.419578
0.195302
0.538543
0.245159
0.289100
0.417063
0.394687
0.478217
0.670985
0.247570
0.377523
0.309542
0.108070
0.373351
0.379495
0.414598
0.230500
0.187019
0.522280
0.449911
0.539450
0.456645
0.615064
0.369757
0.264024
0.371198
0.201609
0.245641
0.270189
0.383930
0.312267
0.101069
0.537723
0.249896
0.259094
0.237157
0.387773
0.344778
0.404190
0.386623
0.480633
0.397634
0.365104
0.595171
0.649043
0.057805
0.238492
0.158958
0.691312
0.479737
0.605906
0.318308
0.257554
0.358739
0.389626
0.426080
0.502621
0.372927
0.101039
0.413991
0.220914
0.268988
0.218351
0.174398
0.803247
0.000000
0.522919
0.607656
0.132089
0.249279
0.267573
0.406749
0.657704
0.252860
0.527544
0.676064
0.192772
0.464468
0.614821
0.224087
0.283249
0.320513
0.306184
0.457157
0.202302
0.315691
0.156603
0.564989
0.417612
0.647819
0.339255
0.063658
0.435440
0.638140
0.146578
0.365789
0.457060
0.289743
0.477482
0.266995
0.322510
0.305341
0.624572
0.188896
0.529617
0.410850
0.387844
0.373116
0.413054
0.155583
0.605921
0.146736
0.347853
0.589046
0.441353
0.267704
0.356515
0.400923
0.305724
1.133884
1.252599
0.978364
1.223919
1.046862
1.002509
1.030658
1.272263
0.984048
1.275797
0.795457
1.264993
1.221364
1.029276
1.148397
1.019435
1.341147
1.056052
1.478426
1.018328
1.096927
1.084124
0.935622
1.348053
1.281541
1.286311
1.048780
1.249024
1.288922
1.211259
1.341509
1.008863
1.334885
1.006878
0.882323
1.060493
1.297641
0.876152
1.248351
1.186394
1.471117
1.202047
1.415298
1.174759
1.319499
1.000889
1.293762
1.332694
1.162686
0.811682
1.119302
1.043953
1.099913
1.158233
1.373116
1.365165
1.332033
1.067026
1.322619
0.975474
1.189042
0.998486
1.206091
1.084419
1.002831
1.064693
1.384061
1.178356
1.126713
1.304041
1.041832
0.828967
0.725300
1.240879
1.189631
1.146216
1.095197
1.155733
1.034192
1.273936
1.173738
1.123842
1.101417
1.374669
1.101847
0.995475
1.221127
0.700329
1.328656
1.081066
0.978166
1.143656
1.155961
1.446812
1.298365
1.223477
1.601358
1.248563
1.227455
1.297019
1.157639
1.222359
0.874719
1.225968
1.219952
1.030701
1.065100
1.367485
1.133007
1.233855
1.110318
1.268719
1.074530
1.449345
1.295645
1.104018
1.352590
1.139472
1.103964
1.111568
1.477544
1.008799
1.142508
1.177551
0.934849
1.368145
1.239673
0.848985
1.399905
0.972066
1.231262
1.483848
0.938616
0.865314
1.216751
1.074682
0.877838
1.414611
1.274393
1.122740
1.221476
1.264029
1.447655
1.451372
1.147669
1.427811
1.076977
0.738098
1.028156
1.033287
0.780318
1.341711
1.395715
1.068183
1.077194
1.067993
1.282980
1.106964
1.071419
0.936175
1.217159
0.929550
0.950742
1.067117
0.952643
0.886464
1.370537
1.424134
1.391128
0.896084
1.075772
0.770616
0.765929
0.807239
1.175732
0.889468
1.149648
1.331292
1.118160
0.907166
0.866024
1.125069
1.062613
1.272708
1.507501
1.126573
0.853661
0.942104
0.993291
1.073499
0.867519
0.915193
1.395836
1.212935
0.981739
1.203269
0.949147
0.808560
1.166373
0.868538
1.012166
0.814082
1.123669
0.814759
0.715035
1.083433
1.251825
1.545043
0.655697
1.003567
0.956852
1.046159
0.802605
1.047628
0.983132
1.065742
0.976788
0.797642
0.977248
1.157484
0.941584
1.212287
0.844466
0.873360
1.009414
1.014371
1.217346
0.968434
0.943960
1.157712
0.945157
1.298221
1.090749
0.901250
0.640422
0.975870
0.948768
1.315864
1.238431
1.137639
1.026589
0.903935
1.077259
0.960870
1.181439
0.955253
1.058613
1.050943
1.158121
1.000950
1.005817
1.277091
1.029609
1.114049
0.805571
1.142823
0.786258
1.102238
1.213218
0.989546
1.130295
0.949072
1.345874
1.075890
0.841969
1.040741
1.459193
0.880611
0.782116
1.118189
1.048263
1.275973
0.944450
1.121167
1.176156
1.110075
0.881077
0.954384
1.260136
1.214111
0.831943
1.056099
1.276212
0.757359
0.789267
1.226608
0.750904
1.016717
0.907700
0.829421
1.149450
1.015086
1.052681
0.959607
0.942169
0.926704
1.198325
1.155301
1.096687
1.061311
0.763780
0.870196
0.911445
0.931410
0.848244
0.912071
1.056768
0.901523
0.925578
1.029222
1.245804
0.882368
0.869275
0.941555
0.861647
1.097970
1.259258
0.939186
0.966479
0.958882
0.896995
0.903669
1.062575
1.173560
1.130483
0.951064
1.164947
1.532049
1.273367
0.957552
1.213074
0.857789
0.779790
1.083426
1.032074
0.961346
0.816347
0.987660
1.368278
0.927890
1.103299
1.228849
0.802040
1.058542
0.881998
1.054168
0.985884
0.986538
0.872959
1.300086
0.993165
1.296041
0.956813
1.005160
1.196846
1.130322
1.166293
1.232242
0.751917
0.915063
0.797795
0.849986
1.052150
0.762124
1.090352
0.961436
1.088711
1.027355
0.901138
1.122751
0.913452
1.079806
0.939587
0.780286
0.854978
0.700755
1.061104
1.114592
0.694025
1.022909
1.006345
1.031966
0.816929
0.787734
1.113534
1.170904
1.010107
0.816197
1.152365
1.145910
0.928552
1.067118
0.214969
0.299475
0.278250
0.233897
0.592932
0.193733
0.143330
0.089992
0.562471
0.307824
0.364947
0.388319
0.414584
0.314945
0.288116
0.385007
0.115128
0.341554
0.242792
0.029248
0.294713
0.430820
0.392655
0.328345
0.130538
0.234415
0.267493
0.644970
0.504061
0.296026
0.920608
0.471199
0.299069
0.280050
0.475944
0.437200
0.274315
0.129787
0.440975
0.380934
0.416903
0.377077
0.343472
0.262664
0.559502
0.118916
0.271696
0.242332
0.236115
0.327938
0.000000
0.175090
0.239860
0.305422
0.428200
0.448678
0.201655
0.471879
0.363494
0.565465
0.434863
0.186579
0.399511
0.166871
0.302175
0.256612
0.412919
0.338388
0.287172
0.573786
0.147787
0.453406
0.652903
0.318278
0.476582
0.028574
0.536304
0.455768
0.453603
0.221089
0.000000
0.096566
0.386239
0.101424
0.369004
0.484743
0.241933
0.402956
0.586308
0.232371
0.252772
0.200168
0.238008
0.732917
0.271150
0.461580
0.431465
0.477469
0.476464
0.287468
0.196983
0.235126
0.290774
0.040376
0.293250
0.487487
0.424649
0.000000
0.469018
0.517250
0.000000
0.390728
0.243814
0.437874
0.289519
0.225637
0.546076
0.234942
0.244026
0.258661
0.518724
0.187221
0.388179
0.332429
0.564029
0.371716
0.247272
0.218609
0.449285
0.345893
0.673403
0.259293
0.125940
0.195514
0.236575
0.313499
0.653420
0.507324
0.366771
0.183546
0.427353
0.265862
0.224100
0.357203
0.096683
0.292733
0.135999
0.333724
0.240428
0.431620
0.301482
0.321679
0.224235
0.128137
0.304441
0.207066
0.068736
0.404899
0.251244
0.392291
0.338979
0.615252
0.193426
0.382001
0.202000
0.342039
0.718132
0.307582
0.293013
0.309803
0.416725
0.042787
0.412711
0.325782
0.571058
0.156919
0.675784
0.392628
0.279754
0.111516
0.255978
0.371623
0.300642
0.004568
0.154026
0.124572
0.240141
0.217489
0.405402
0.534878
0.210407
0.363774
0.516064
0.256322
0.269298
0.126967
0.246009
0.289837
0.216381
0.164970
0.394798
0.275139
0.530682
0.151071
0.196700
0.431627
0.563594
0.457254
0.428222
0.551900
0.280783
0.632013
0.354397
0.636453
0.331096
0.285465
0.480419
0.478524
0.469891
0.202028
0.572100
0.159287
0.593325
0.609570
0.282103
0.636959
0.152949
0.611260
0.234742
0.456732
0.442948
0.423684
0.215966
0.485192
0.378476
0.821428
0.521965
0.598037
0.603891
0.275634
0.464019
0.487075
0.396734
0.591127
0.624755
0.350669
0.260206
0.111220
0.183477
0.796450
0.332863
0.554972
0.376153
0.212830
0.591489
0.360689
0.537485
0.223983
0.181414
0.354108
0.277511
0.323415
0.567754
0.378299
0.577110
0.568913
0.595461
0.586545
0.364402
0.409537
0.166733
0.648167
0.549820
0.578535
0.122370
0.253060
0.249784
0.437435
0.671696
0.649607
0.340477
0.327253
0.310943
0.432246
0.727038
0.273304
0.473839
0.181804
0.478169
0.429664
0.603591
0.186050
0.518304
0.527929
0.523720
0.837480
0.248061
0.320485
0.438093
0.109759
0.503926
0.449454
0.261667
0.427226
0.656408
0.609018
0.447227
0.512491
0.544230
0.310903
0.303861
0.494322
0.311703
0.459687
0.291532
0.473536
0.522999
0.750017
0.697463
0.290605
0.475619
0.308686
0.391780
0.773337
0.466750
0.289659
0.468385
0.518059
0.315334
0.556073
0.461826
0.678685
0.445956
0.389202
0.253903
0.248833
0.333039
0.380023
0.539805
0.295776
0.592501
0.263453
0.705771
0.365962
0.298815
0.277666
0.411605
0.570041
0.229521
0.515101
0.612048
0.283171
0.386455
0.403814
0.248155
0.447656
0.414658
0.603949
0.675984
0.239719
0.097001
0.457243
0.220433
0.586457
0.361709
0.719214
0.401624
0.448858
0.173575
0.250641
0.235294
0.490982
0.392459
0.398394
0.696211
0.202410
0.329567
0.171792
0.522385
0.360444
0.447538
0.444753
0.115188
0.445036
0.335571
0.596600
0.534858
0.333088
0.528539
0.297529
0.370640
0.390554
0.000000
0.000000
0.000000
0.000000
0.000000
0.000000
0.000000
0.000000
0.000000
0.000000
0.000000
0.000000
0.000000
0.000000
0.000000
0.000000
0.000000
0.000000
0.000000
0.000000
0.000000
0.000000
0.000000
0.000000
0.000000
0.000000
0.000000
0.000000
0.000000
0.000000
0.000000
0.000000
0.000000
0.000000
0.000000
0.000000
0.000000
0.000000
0.000000
0.000000
0.000000
0.000000
0.000000
0.000000
0.000000
0.000000
0.000000
0.000000
0.000000
0.000000
0.000000
0.000000
0.000000
0.000000
0.000000
0.000000
0.000000
0.000000
0.000000
0.000000
0.000000
0.000000
0.000000
0.000000
0.000000
0.000000
0.000000
0.000000
0.000000
0.000000
0.000000
0.000000
0.000000
0.000000
0.000000
0.000000
0.000000
0.000000
0.000000
0.000000
0.000000
0.000000
0.000000
0.000000
0.000000
0.000000
0.000000
0.000000
0.000000
0.000000
0.000000
0.000000
0.000000
0.000000
0.000000
0.000000
0.000000
0.000000
0.000000
0.000000
0.000000
0.000000
0.000000
0.000000
0.000000
0.000000
0.000000
0.000000
0.000000
0.000000
0.000000
0.000000
0.000000
0.000000
0.000000
0.000000
0.000000
0.000000
0.000000
0.000000
0.000000
0.000000
0.000000
0.000000
0.000000
0.000000
0.000000
0.000000
0.000000
0.000000
0.000000
0.000000
0.000000
0.000000
0.000000
0.000000
0.000000
0.000000
0.000000
0.000000
0.000000
0.000000
0.000000
0.000000
0.000000
0.000000
0.000000
0.000000
0.000000
0.000000
0.000000
0.000000
0.000000
0.000000
0.000000
0.000000
0.000000
0.000000
0.000000
0.000000
0.000000
0.000000
0.000000
0.000000
0.000000
0.000000
0.000000
0.000000
0.000000
0.000000
0.000000
0.000000
0.000000
0.000000
0.000000
0.000000
0.000000
0.000000
0.000000
0.000000
0.000000
0.000000
0.000000
0.000000
0.000000
0.000000
0.000000
0.000000
0.000000
0.000000
0.000000
0.000000
0.000000
0.000000
0.000000
0.000000
0.037016
0.248572
0.799064
0.313440
0.147061
0.224949
0.612299
0.321529
0.634541
0.241553
0.403868
0.420099
0.229266
0.338861
0.534321
0.216888
0.289815
0.411854
0.203109
0.504597
0.398883
0.447020
0.034475
0.295977
0.307149
0.256542
0.365209
0.218278
0.274710
0.059548
0.200918
0.254868
0.247623
0.359143
0.243188
0.345294
0.152871
0.315467
0.324967
0.504763
0.182407
0.340478
0.226209
0.337595
0.280849
0.324307
0.430767
0.336674
0.041882
0.386039
0.196167
0.075470
0.548833
0.273647
0.390580
0.389263
0.071821
0.386218
0.270203
0.604820
0.259264
0.238318
0.490201
0.102089
0.319607
0.357649
0.397142
0.422293
0.175861
0.248606
0.236239
0.408993
0.309154
0.476575
0.399373
0.432667
0.503890
0.133292
0.315297
0.110839
0.263030
0.441484
0.372555
0.164981
0.539432
0.253968
0.190735
0.109173
0.787346
0.000000
0.317072
0.396435
0.398394
0.265061
0.278070
0.301001
0.041085
0.376236
0.119717
0.439155
0.190140
0.316364
0.276030
0.246058
0.368377
0.304488
0.430337
0.496529
0.604288
0.219880
0.226983
0.235183
0.399018
0.253578
0.142718
0.227882
0.391249
0.284436
0.259946
0.292240
0.336488
0.212164
0.486914
0.167470
0.266748
0.459622
0.200019
0.530492
0.082728
0.367460
0.389427
0.309434
0.581690
0.212481
0.099142
0.347406
0.105781
0.400870
0.189696
0.452707
0.545626
0.099217
0.583353
0.177601
0.432333
0.467432
0.299369
0.258291
0.271983
0.604127
0.127685
0.264334
0.262934
0.315116
0.428561
0.345750
0.144774
0.226115
0.197300
0.238098
0.145348
0.331300
0.097622
0.217879
0.406700
0.231204
0.162162
0.345493
0.170844
0.137298
0.348945
0.469731
0.145652
0.248613
0.485790
0.389148
0.362148
0.239292
0.058517
0.251686
0.490256
0.387435
0.248001
0.247636
0.679547
0.352106
0.246377
0.421345
0.325102
0.444082
0.287161
0.380268
0.653453
0.598669
0.357441
0.122880
0.438632
0.205696
0.483181
0.160579
0.446727
0.390535
0.432247
0.006095
0.101908
0.412491
0.270125
0.378292
0.284573
0.213854
0.468317
0.368198
0.122727
0.216081
0.333876
0.416110
0.348886
0.076229
0.404811
0.253146
0.369396
0.375589
0.216921
0.383832
0.369073
0.494010
0.056838
0.485552
0.179431
0.144679
0.269294
0.383894
0.388049
0.154349
0.374943
0.204317
0.266031
0.400279
0.283187
0.101919
0.609526
0.402546
0.161346
0.202749
0.507096
0.371322
0.398872
0.148915
0.068578
0.135214
0.278676
0.074902
0.503841
0.088991
0.218071
0.377135
0.257462
0.114360
0.134382
0.491398
0.557409
0.197876
0.166131
0.442216
0.418754
0.199309
0.159775
0.351732
0.198380
0.371332
0.279343
0.122210
0.166887
0.326028
0.149871
0.352586
0.234176
0.160713
0.272504
0.349393
0.228728
0.548235
0.396403
0.809844
0.512588
0.256950
0.229624
0.343726
0.150128
0.221005
0.184497
0.121186
0.509332
0.241034
0.210096
0.074945
0.137720
0.442136
0.386657
0.025758
0.218914
0.115953
0.485831
0.285182
0.316045
0.260581
0.421917
0.041319
0.307323
0.230908
0.182198
0.061612
0.104780
0.363873
0.135352
0.358475
0.183293
0.523082
0.000000
0.518862
0.271528
0.255017
0.266228
0.397215
0.000000
0.192358
0.238503
0.218788
0.547405
0.224327
0.222053
0.302837
0.093593
0.228586
0.681999
0.281016
0.092799
0.700464
0.059155
0.135835
0.175413
0.187434
0.410928
0.508941
0.200000
0.321651
0.273764
0.237372
0.117216
0.222042
0.262982
0.218721
0.129113
0.257151
0.335798
0.084690
0.254912
0.477598
0.465882
0.403842
0.362942
0.225339
0.529394
0.501924
0.496886
0.281075
0.261782
0.138533
0.180930
0.509883
0.171351
0.619163
0.421482
0.000000
0.305008
0.309169
0.446471
0.233642
0.213945
0.267220
0.087975
0.206793
0.176472
0.411255
0.092039
0.453625
0.338538
0.146365
0.115222
0.380198
0.527480
0.027693
0.473016
0.240315
0.434530
0.478937
0.331195
0.448027
0.740429
0.273809
0.468697
0.385357
0.354286
0.424029
0.696872
0.341739
0.567040
0.455336
0.502137
0.507347
0.453247
0.293033
0.391025
0.323968
0.615745
0.501633
0.424791
0.561046
0.455363
0.345258
0.574316
0.700007
0.228411
0.467875
0.417110
0.329651
0.500080
0.463893
0.390409
0.676862
0.316441
0.398155
0.257891
0.658820
0.737327
0.120705
0.747016
0.427634
0.566754
0.392613
0.674097
0.295017
0.413620
0.396666
0.979789
0.668110
0.354164
0.430396
0.449474
0.455913
0.423169
0.722925
0.227623
0.425153
0.651862
0.800596
0.450038
0.270660
0.591093
0.632976
0.478602
0.339352
0.473812
0.702405
0.534706
0.414361
0.594391
0.306064
0.403217
0.375707
0.172229
0.646785
0.427807
0.457580
0.870895
0.534725
0.298196
0.526693
0.784486
0.383676
0.525889
0.447479
0.500087
0.443171
0.562522
0.625923
0.314295
0.394713
0.350616
0.434732
0.362284
0.291775
0.328839
0.574874
0.576704
0.263679
0.626220
0.423227
0.401270
0.506523
0.764950
0.413238
0.395749
0.422240
0.444281
0.479710
0.560913
0.376803
1.046636
0.534281
0.630550
0.794994
0.481348
0.497437
0.517664
0.767470
0.296705
0.376467
0.691329
0.409349
0.498409
0.409585
0.877276
0.387119
0.515356
0.402230
0.518202
0.597327
0.324871
0.400761
0.504198
0.660117
0.372302
0.367252
0.722355
0.384893
0.551128
0.322576
0.343406
0.646616
0.409521
0.454498
0.698656
0.536985
0.232964
0.646193
0.412654
0.399788
0.551681
0.269709
0.475393
0.204666
0.431641
0.493254
0.551101
0.530904
0.687716
0.337046
0.772924
0.749813
0.480221
0.538283
0.571595
0.561542
0.429444
0.660678
0.297125
0.572945
0.446770
0.355806
0.454927
0.425071
0.670296
0.535855
0.658582
0.486751
0.553687
0.278506
0.485903
0.432042
0.386803
0.343401
0.548990
0.637982
0.508744
0.417702
0.508898
0.382611
0.000000
0.000000
0.000000
0.000000
0.000000
0.000000
0.000000
0.000000
0.000000
0.000000
0.000000
0.000000
0.000000
0.000000
0.000000
0.000000
0.000000
0.000000
0.000000
0.000000
0.000000
0.000000
0.000000
0.000000
0.000000
0.000000
0.000000
0.000000
0.000000
0.000000
0.000000
0.000000
0.000000
0.000000
0.000000
0.000000
0.000000
0.000000
0.000000
0.000000
0.000000
0.000000
0.000000
0.000000
0.000000
0.000000
0.000000
0.000000
0.000000
0.000000
0.000000
0.000000
0.000000
0.000000
0.000000
0.000000
0.000000
0.000000
0.000000
0.000000
0.000000
0.000000
0.000000
0.000000
0.000000
0.000000
0.000000
0.000000
0.000000
0.000000
0.000000
0.000000
0.000000
0.000000
0.000000
0.000000
0.000000
0.000000
0.000000
0.000000
0.000000
0.000000
0.000000
0.000000
0.000000
0.000000
0.000000
0.000000
0.000000
0.000000
0.000000
0.000000
0.000000
0.000000
0.000000
0.000000
0.000000
0.000000
0.000000
0.000000
0.000000
0.000000
0.000000
0.000000
0.000000
0.000000
0.000000
0.000000
0.000000
0.000000
0.000000
0.000000
0.000000
0.000000
0.000000
0.000000
0.000000
0.000000
0.000000
0.000000
0.000000
0.000000
0.000000
0.000000
0.000000
0.000000
0.000000
0.000000
0.000000
0.000000
0.000000
0.000000
0.000000
0.000000
0.000000
0.000000
0.000000
0.000000
0.000000
0.000000
0.000000
0.000000
0.000000
0.000000
0.000000
0.000000
0.000000
0.000000
0.000000
0.000000
0.000000
0.000000
0.000000
0.000000
0.000000
0.000000
0.000000
0.000000
0.000000
0.000000
0.000000
0.000000
0.000000
0.000000
0.000000
0.000000
0.000000
0.000000
0.000000
0.000000
0.000000
0.000000
0.000000
0.000000
0.000000
0.000000
0.000000
0.000000
0.000000
0.000000
0.000000
0.000000
0.000000
0.000000
0.000000
0.000000
0.000000
0.000000
0.000000
0.000000
0.000000
0.000000
0.000000
0.000000
0.000000
0.000000
