0.000000
0.000000
0.000000
0.000000
0.000000
0.000000
0.000000
0.000000
0.000000
0.000000
0.000000
0.000000
0.000000
0.000000
0.000000
0.000000
0.000000
0.000000
0.000000
0.000000
0.000000
0.000000
0.000000
0.000000
0.000000
0.000000
0.000000
0.000000
0.000000
0.000000
0.000000
0.000000
0.000000
0.000000
0.000000
0.000000
0.000000
0.000000
0.000000
0.000000
0.000000
0.000000
0.000000
0.000000
0.000000
0.000000
0.000000
0.000000
0.000000
0.000000
0.000000
0.000000
0.000000
0.000000
0.000000
0.000000
0.000000
0.000000
0.000000
0.000000
0.000000
0.000000
0.000000
0.000000
0.000000
0.000000
0.000000
0.000000
0.000000
0.000000
0.000000
0.000000
0.000000
0.000000
0.000000
0.000000
0.000000
0.000000
0.000000
0.000000
0.000000
0.000000
0.000000
0.000000
0.000000
0.000000
0.000000
0.000000
0.000000
0.000000
0.000000
0.000000
0.000000
0.000000
0.000000
0.000000
0.000000
0.000000
0.000000
0.000000
0.000000
0.000000
0.000000
0.000000
0.000000
0.000000
0.000000
0.000000
0.000000
0.000000
0.000000
0.000000
0.000000
0.000000
0.000000
0.000000
0.000000
0.000000
0.000000
0.000000
0.000000
0.000000
0.000000
0.000000
0.000000
0.000000
0.000000
0.000000
0.000000
0.000000
0.000000
0.000000
0.000000
0.000000
0.000000
0.000000
0.000000
0.000000
0.000000
0.000000
0.000000
0.000000
0.000000
0.000000
0.081351
0.150718
0.095598
0.060549
0.104439
0.201412
0.187762
0.056267
0.103186
0.117689
0.187012
0.000000
0.073374
0.166074
0.206787
0.172048
0.072669
0.201018
0.076774
0.230315
0.147274
0.036254
0.106846
0.186177
0.122981
0.147809
0.067789
0.098496
0.068337
0.099945
0.144467
0.138367
0.134739
0.108645
0.187299
0.000000
0.189030
0.119162
0.097961
0.112920
0.086334
0.116413
0.276376
0.217604
0.046684
0.154370
0.041904
0.036027
0.078386
0.084697
0.102476
0.167912
0.111417
0.141510
0.173349
0.195735
0.041300
0.045598
0.067431
0.122625
0.089343
0.093103
0.137581
0.207815
0.136165
0.085843
0.099067
0.096218
0.134688
0.206640
0.126546
0.142779
0.051163
0.153788
0.055709
0.130129
0.000000
0.102590
0.191751
0.168929
0.040835
0.021095
0.204242
0.127390
0.135235
0.223620
0.106857
0.093345
0.218390
0.215402
0.182782
0.213183
0.133498
0.305633
0.146212
0.000000
0.096263
0.111433
0.106006
0.141226
0.161364
0.137306
0.132717
0.161622
0.211268
0.127176
0.030259
0.117018
0.036607
0.278266
0.111866
0.150654
0.221743
0.153090
0.024764
0.087885
0.029566
0.102853
0.097771
0.064994
0.065628
0.237674
0.107761
0.127025
0.071095
0.120169
0.061302
0.047287
0.238077
0.125233
0.113005
0.161007
0.158678
0.000000
0.140665
0.107914
0.105103
0.205913
0.182974
0.030805
0.015125
0.105898
0.000000
0.049602
0.252762
0.355314
0.441407
0.355149
0.410806
0.191063
0.310224
0.459501
0.241760
0.277962
0.304259
0.209702
0.287995
0.364479
0.388888
0.417475
0.168758
0.292827
0.341544
0.310662
0.273547
0.570690
0.373951
0.306039
0.234976
0.224696
0.271715
0.262281
0.502211
0.290208
0.398096
0.119671
0.469716
0.300639
0.441790
0.431260
0.288266
0.295778
0.256630
0.373532
0.386295
0.501400
0.153617
0.216192
0.208707
0.441871
0.365851
0.404631
0.277822
0.278949
0.382205
0.419692
0.304813
0.263570
0.287614
0.293648
0.363848
0.324118
0.396060
0.505900
0.219444
0.343476
0.430826
0.274460
0.251262
0.154710
0.216952
0.251618
0.290576
0.357138
0.330537
0.311463
0.332158
0.198176
0.294970
0.343361
0.340042
0.260510
0.346167
0.255685
0.210855
0.306992
0.209123
0.372169
0.229414
0.276880
0.281259
0.363735
0.147536
0.205215
0.280708
0.138128
0.351271
0.316958
0.327362
0.266431
0.421272
0.337129
0.322739
0.343915
0.478886
0.186468
0.322131
0.290952
0.372222
0.329556
0.386061
0.469940
0.349021
0.424059
0.335682
0.338276
0.441764
0.352891
0.241646
0.349462
0.355505
0.194786
0.304009
0.204985
0.287441
0.399087
0.291398
0.463103
0.227286
0.387646
0.408818
0.458219
0.278883
0.387292
0.271126
0.282431
0.311277
0.208818
0.360393
0.363992
0.338600
0.311790
0.366274
0.295464
0.347787
0.325981
0.402036
0.227261
0.384903
0.166048
0.450631
0.291203
0.368699
0.223482
0.292351
0.402819
0.194432
0.430592
0.288746
0.268865
0.348727
0.502294
0.299675
0.471279
0.428720
0.164731
0.441186
0.322249
0.542427
0.323562
0.504612
0.561419
0.298467
0.160545
0.190046
0.360343
0.353383
0.472503
0.319592
0.280265
0.381509
0.489945
0.369157
0.325431
0.379949
0.363900
0.440614
0.553489
0.355924
0.371158
0.286124
0.435881
0.451067
0.358238
0.484778
0.454729
0.210663
0.410892
0.231909
0.365310
0.330606
0.406074
0.306617
0.360843
0.313711
0.513937
0.281340
0.496939
0.299518
0.519170
0.497372
0.482883
0.334765
0.373558
0.350799
0.337413
0.495719
0.353679
0.321900
0.480145
0.256494
0.253944
0.233393
0.363893
0.291026
0.335913
0.400728
0.299323
0.354515
0.305850
0.405445
0.381257
0.396374
0.333387
0.438466
0.447794
0.371451
0.329861
0.434449
0.302811
0.371456
0.472607
0.341776
0.400220
0.476029
0.322073
0.292424
0.284650
0.457490
0.264389
0.345529
0.332009
0.293890
0.234057
0.362467
0.322994
0.401784
0.420066
0.376571
0.376469
0.280550
0.523921
0.295270
0.409532
0.218175
0.348559
0.221426
0.380870
0.383899
0.290256
0.453663
0.401203
0.236495
0.294495
0.358538
0.480853
0.384582
0.436702
0.286188
0.461543
0.432467
0.315214
0.406511
0.398442
0.347337
0.524197
0.318622
0.361925
0.306012
0.425125
0.348440
0.398468
0.265066
0.282169
0.358494
0.325420
0.212641
0.300575
0.324767
0.383434
0.506337
0.360151
0.432501
0.308102
0.375544
0.418202
0.205073
0.431585
0.468397
0.357374
0.333821
0.269193
0.399414
0.279222
0.378577
0.375177
0.496469
0.418975
0.370567
0.408071
0.388621
0.447151
0.370830
0.429652
0.357521
0.427640
0.286280
0.412759
0.464115
0.296091
0.388728
0.433406
0.256580
0.356949
0.356910
0.317495
0.394478
0.359476
0.334454
0.337471
0.322612
0.383148
0.363574
0.378885
0.361444
0.303325
0.524512
0.423150
0.402707
0.442786
0.232672
0.400335
0.482703
0.451576
0.213953
0.370021
0.429706
0.248203
0.371232
0.411112
0.372001
0.359080
0.324623
0.368975
0.208234
0.276739
0.540427
0.437052
0.401268
0.258456
0.518480
0.209541
0.362065
0.303009
0.382002
0.305553
0.341569
0.451700
0.280071
0.250844
0.331890
0.197321
0.222808
0.290800
0.278951
0.311830
0.407369
0.426687
0.327231
0.388075
0.359971
0.227671
0.370429
0.440314
0.220226
0.431430
0.332527
0.434425
0.381580
0.469878
0.511813
0.472331
0.304303
0.339508
0.421247
0.385547
0.370666
0.270912
0.433140
0.358569
0.392965
0.365555
0.307160
0.417705
0.447144
0.362085
0.405383
0.342056
0.435800
0.331996
0.290957
0.349398
0.330971
0.353446
0.446647
0.368423
0.367222
0.340582
0.410986
0.445625
0.407692
0.318658
0.440059
0.268639
0.451033
0.367812
0.000000
0.045394
0.124364
0.142083
0.266062
0.185350
0.000000
0.031931
0.071988
0.000000
0.000000
0.000000
0.000000
0.123366
0.131998
0.019970
0.020761
0.000000
0.080934
0.036108
0.078971
0.084013
0.050214
0.090285
0.066594
0.009856
0.013426
0.000000
0.000000
0.076630
0.111517
0.121448
0.093164
0.093879
0.021372
0.000000
0.058559
0.127283
0.081513
0.103271
0.093924
0.012763
0.031001
0.087332
0.069810
0.140287
0.000000
0.003689
0.198217
0.105854
0.000000
0.026193
0.062331
0.030587
0.000000
0.009105
0.000000
0.048101
0.131860
0.042534
0.000000
0.081300
0.062636
0.185171
0.040423
0.054199
0.035036
0.162729
0.178241
0.000000
0.054829
0.014707
0.086906
0.000000
0.000000
0.000000
0.129022
0.084091
0.045501
0.111785
0.000000
0.073304
0.096097
0.087733
0.107743
0.039027
0.111599
0.168113
0.133083
0.068604
0.000000
0.100138
0.093245
0.113749
0.057268
0.146185
0.062335
0.203546
0.130815
0.079751
0.061968
0.111934
0.104274
0.000000
0.082414
0.057034
0.098123
0.166549
0.112274
0.143271
0.117889
0.146865
0.143614
0.081828
0.072970
0.055866
0.182521
0.155071
0.211887
0.000000
0.056123
0.000000
0.006255
0.123712
0.155746
0.062254
0.201881
0.177211
0.123120
0.131580
0.078153
0.017799
0.060602
0.108859
0.037508
0.119382
0.002118
0.036637
0.011996
0.060546
0.061933
0.000000
0.131055
0.069200
0.400714
0.234438
0.305219
0.397420
0.422591
0.235993
0.224422
0.349572
0.323452
0.243155
0.206530
0.464232
0.310141
0.500688
0.373281
0.397636
0.406065
0.297575
0.294554
0.244999
0.142728
0.414939
0.322229
0.210467
0.284402
0.228814
0.376500
0.406670
0.250085
0.357542
0.287875
0.443075
0.340279
0.250076
0.416723
0.363401
0.247625
0.195689
0.221897
0.248599
0.403572
0.267207
0.435123
0.234849
0.413810
0.362549
0.176026
0.480132
0.274277
0.285197
0.457228
0.260506
0.434635
0.530591
0.402013
0.271943
0.347476
0.372211
0.324788
0.420745
0.199512
0.406201
0.393602
0.324613
0.279379
0.501420
0.278600
0.284558
0.343514
0.321261
0.267396
0.360678
0.429397
0.336851
0.300353
0.346120
0.403342
0.191997
0.235269
0.330638
0.348281
0.357483
0.238832
0.302070
0.310871
0.315395
0.240100
0.258569
0.349899
0.193260
0.251362
0.237967
0.277360
0.412784
0.295723
0.350528
0.333353
0.330571
0.209926
0.504690
0.325410
0.404608
0.433926
0.259116
0.249204
0.355270
0.369587
0.292990
0.271208
0.224194
0.403775
0.483463
0.344095
0.349306
0.360513
0.224870
0.425498
0.330839
0.201204
0.365907
0.518961
0.226018
0.419057
0.329080
0.335876
0.297856
0.354572
0.283829
0.286384
0.365172
0.346378
0.371571
0.349096
0.356132
0.392301
0.368089
0.224050
0.219451
0.196015
0.515640
0.384968
0.396829
0.462434
0.458206
0.014499
0.086201
0.061957
0.172891
0.115444
0.127234
0.128157
0.085668
0.020194
0.000000
0.000000
0.048144
0.000000
0.113029
0.086216
0.000000
0.000000
0.000000
0.099863
0.031749
0.164237
0.016679
0.175465
0.000000
0.036410
0.000000
0.047112
0.000000
0.054277
0.181281
0.000000
0.000000
0.015497
0.145069
0.000000
0.075465
0.030015
0.070954
0.086720
0.029821
0.105234
0.004616
0.000000
0.000000
0.078767
0.176081
0.000594
0.158776
0.000000
0.101312
0.000000
0.055185
0.036737
0.076435
0.060769
0.047202
0.000000
0.072092
0.072273
0.076840
0.105343
0.061991
0.055793
0.236623
0.078678
0.129072
0.083758
0.156223
0.090458
0.000000
0.098883
0.000000
0.140213
0.010907
0.061281
0.031229
0.022652
0.000000
0.046571
0.082885
0.000000
0.068631
0.166544
0.225542
0.093889
0.043278
0.130117
0.196178
0.084466
0.190369
0.220220
0.098024
0.000000
0.094743
0.000000
0.024138
0.099601
0.028927
0.038738
0.107027
0.026103
0.076430
0.034711
0.067296
0.156594
0.000787
0.105899
0.105362
0.129270
0.198283
0.189132
0.158015
0.198823
0.095877
0.002316
0.118334
0.082807
0.099723
0.036124
0.050928
0.228597
0.000000
0.000000
0.000000
0.044648
0.112296
0.044441
0.109294
0.000000
0.000000
0.090314
0.002678
0.111228
0.083859
0.003379
0.046410
0.056693
0.107477
0.075937
0.000000
0.028700
0.000000
0.083076
0.000000
0.290568
0.183553
0.015184
0.124402
0.243248
0.093539
0.020593
0.150219
0.107512
0.179920
0.211367
0.139955
0.293888
0.163913
0.056298
0.181801
0.079399
0.149501
0.287305
0.180823
0.063929
0.000000
0.070589
0.104364
0.120611
0.102354
0.164186
0.145144
0.117277
0.248143
0.203579
0.203132
0.007387
0.095028
0.205431
0.147556
0.000000
0.146243
0.220283
0.230223
0.212396
0.169774
0.179997
0.221881
0.216797
0.114357
0.123184
0.104206
0.060241
0.110792
0.045471
0.232634
0.167030
0.049034
0.086819
0.127452
0.189657
0.118289
0.145377
0.094926
0.226384
0.176648
0.096485
0.079995
0.102477
0.195156
0.107911
0.010144
0.035535
0.119449
0.250286
0.054302
0.021722
0.000000
0.162812
0.185338
0.159087
0.178127
0.159255
0.285268
0.157318
0.013666
0.194842
0.126019
0.136953
0.093785
0.054193
0.127636
0.314105
0.089549
0.139006
0.113625
0.146494
0.139392
0.187329
0.172360
0.012944
0.000000
0.093400
0.104522
0.063020
0.276756
0.053360
0.120720
0.116412
0.133599
0.191589
0.026499
0.090830
0.102406
0.100793
0.218304
0.119340
0.079925
0.166307
0.157246
0.078141
0.158385
0.055279
0.262746
0.077081
0.119486
0.247164
0.257829
0.085123
0.203304
0.057106
0.175871
0.254398
0.101066
0.180614
0.073472
0.188092
0.330725
0.301861
0.081788
0.081525
0.268948
0.133442
0.201608
0.262147
0.160211
0.172049
0.229375
0.143848
0.070587
0.099825
0.078737
0.000000
0.128934
0.000000
0.082970
0.126002
0.098457
0.036744
0.024051
0.050485
0.000000
0.000000
0.069348
0.093219
0.129131
0.000000
0.123184
0.065339
0.039571
0.012045
0.000000
0.054307
0.051169
0.053807
0.187815
0.088811
0.158708
0.084535
0.186708
0.110643
0.000000
0.112841
0.109566
0.095258
0.036647
0.070081
0.075175
0.000000
0.039339
0.048126
0.124387
0.063348
0.000000
0.053147
0.016129
0.072553
0.004029
0.014634
0.151446
0.043199
0.037025
0.070945
0.073777
0.111934
0.068712
0.100716
0.001537
0.144784
0.045808
0.076724
0.000000
0.000000
0.000000
0.143147
0.085965
0.076555
0.099681
0.196704
0.065889
0.000000
0.098279
0.175222
0.099069
0.079054
0.122264
0.000000
0.000000
0.171319
0.021788
0.129922
0.046123
0.094243
0.036028
0.000000
0.047351
0.156954
0.000000
0.003558
0.022984
0.000000
0.000000
0.022483
0.017452
0.124606
0.056161
0.000000
0.000000
0.063538
0.128882
0.019453
0.117251
0.040368
0.000000
0.126758
0.000000
0.000000
0.066875
0.001314
0.000000
0.044629
0.061063
0.141399
0.066146
0.108485
0.079293
0.022686
0.117337
0.059833
0.000000
0.087808
0.128311
0.088900
0.095979
0.000000
0.000000
0.102527
0.000000
0.062272
0.036830
0.105429
0.054376
0.109987
0.000000
0.000000
0.014887
0.041681
0.000000
0.157636
0.003537
0.082855
0.157211
0.279619
0.137272
0.339833
0.178487
0.303693
0.134969
0.188281
0.293999
0.227823
0.268969
0.168481
0.333611
0.092736
0.140684
0.307716
0.263191
0.303408
0.190700
0.261134
0.222304
0.294473
0.268760
0.125519
0.180247
0.265134
0.322245
0.272558
0.175565
0.251163
0.160646
0.305117
0.302903
0.268344
0.181277
0.221779
0.141532
0.177714
0.331366
0.192753
0.187814
0.169382
0.291788
0.220262
0.324710
0.244937
0.340434
0.125607
0.174967
0.292765
0.231689
0.206952
0.217949
0.271120
0.262346
0.199760
0.323425
0.296646
0.275679
0.208498
0.112361
0.124186
0.188722
0.361538
0.218444
0.219019
0.242169
0.207917
0.277806
0.357958
0.230761
0.144384
0.173120
0.336959
0.184902
0.231688
0.265328
0.200461
0.215935
0.240267
0.213641
0.242472
0.353794
0.265311
0.158714
0.107309
0.128981
0.267384
0.284386
0.059423
0.180504
0.187964
0.305451
0.120200
0.209644
0.351767
0.310017
0.328952
0.230775
0.310304
0.155855
0.342096
0.088825
0.268572
0.191713
0.264572
0.298680
0.110865
0.157565
0.128198
0.122886
0.404415
0.252540
0.114589
0.290502
0.222113
0.421099
0.231787
0.282153
0.272608
0.181785
0.110868
0.419322
0.170291
0.256884
0.369314
0.326335
0.293371
0.209621
0.166526
0.499071
0.138607
0.276541
0.162331
0.129017
0.204004
0.244864
0.232343
0.052063
0.277867
0.160464
0.157112
0.295248
0.286213
0.212521
0.000000
0.000000
0.000000
0.000000
0.000000
0.000000
0.000000
0.000000
0.000000
0.000000
0.000000
0.000000
0.000000
0.000000
0.000000
0.000000
0.000000
0.000000
0.000000
0.000000
0.000000
0.000000
0.000000
0.000000
0.000000
0.000000
0.000000
0.000000
0.000000
0.000000
0.000000
0.000000
0.000000
0.000000
0.000000
0.000000
0.000000
0.000000
0.000000
0.000000
0.000000
0.000000
0.000000
0.000000
0.000000
0.000000
0.000000
0.000000
0.000000
0.000000
0.000000
0.000000
0.000000
0.000000
0.000000
0.000000
0.000000
0.000000
0.000000
0.000000
0.000000
0.000000
0.000000
0.000000
0.000000
0.000000
0.000000
0.000000
0.000000
0.000000
0.000000
0.000000
0.000000
0.000000
0.000000
0.000000
0.000000
0.000000
0.000000
0.000000
0.000000
0.000000
0.000000
0.000000
0.000000
0.000000
0.000000
0.000000
0.000000
0.000000
0.000000
0.000000
0.000000
0.000000
0.000000
0.000000
0.000000
0.000000
0.000000
0.000000
0.000000
0.000000
0.000000
0.000000
0.000000
0.000000
0.000000
0.000000
0.000000
0.000000
0.000000
0.000000
0.000000
0.000000
0.000000
0.000000
0.000000
0.000000
0.000000
0.000000
0.000000
0.000000
0.000000
0.000000
0.000000
0.000000
0.000000
0.000000
0.000000
0.000000
0.000000
0.000000
0.000000
0.000000
0.000000
0.000000
0.000000
0.000000
0.000000
0.000000
0.000000
0.000000
0.000000
0.000000
0.000000
0.000000
0.000000
0.000000
0.000000
0.000000
0.000000
0.000000
0.000000
0.000000
0.000000
0.000000
0.000000
0.000000
0.000000
0.000000
0.000000
0.000000
0.000000
0.000000
0.000000
0.000000
0.000000
0.000000
0.000000
0.000000
0.000000
0.000000
0.000000
0.000000
0.000000
0.000000
0.000000
0.000000
0.000000
0.000000
0.000000
0.000000
0.000000
0.000000
0.000000
0.000000
0.000000
0.000000
0.000000
0.000000
0.000000
0.000000
0.000000
0.000000
0.000000
0.000000
0.000000
0.000000
0.000000
0.000000
0.000000
0.000000
0.000000
0.000000
0.000000
0.000000
0.000000
0.000000
0.000000
0.000000
0.000000
0.000000
0.000000
0.000000
0.000000
0.000000
0.000000
0.000000
0.000000
0.000000
0.000000
0.000000
0.000000
0.000000
0.000000
0.000000
0.000000
0.000000
0.000000
0.000000
0.000000
0.000000
0.000000
0.000000
0.000000
0.000000
0.000000
0.000000
0.000000
0.000000
0.000000
0.000000
0.000000
0.000000
0.000000
0.000000
0.000000
0.000000
0.000000
0.000000
0.000000
0.000000
0.000000
0.000000
0.000000
0.000000
0.000000
0.000000
0.000000
0.000000
0.000000
0.000000
0.000000
0.000000
0.000000
0.000000
0.000000
0.000000
0.000000
0.000000
0.000000
0.000000
0.000000
0.000000
0.000000
0.000000
0.000000
0.000000
0.000000
0.000000
0.000000
0.000000
0.000000
0.000000
0.000000
0.000000
0.000000
0.000000
0.000000
0.000000
0.000000
0.000000
0.000000
0.000000
0.000000
0.000000
0.000000
0.000000
0.000000
0.000000
0.000000
0.000000
0.058126
0.000000
0.000000
0.000000
0.000000
0.000000
0.000000
0.000000
0.000000
0.000000
0.000000
0.000000
0.000000
0.000000
0.000000
0.000000
0.000000
0.000000
0.000000
0.000000
0.048392
0.000000
0.000000
0.000000
0.000000
0.000000
0.000000
0.000000
0.000000
0.000000
0.000000
0.032787
0.000000
0.000000
0.000000
0.000000
0.000000
0.000000
0.000000
0.000000
0.000000
0.000000
0.000000
0.000000
0.000000
0.000000
0.000000
0.000000
0.005488
0.000000
0.000000
0.000000
0.000000
0.000000
0.000000
0.000000
0.061099
0.000000
0.000000
0.000000
0.057990
0.000000
0.000000
0.000000
0.000000
0.000000
0.000000
0.000000
0.000000
0.000000
0.000000
0.000000
0.000000
0.000000
0.000000
0.000000
0.000000
0.000000
0.000000
0.000000
0.000000
0.000000
0.000000
0.000000
0.062028
0.000000
0.000000
0.000000
0.000000
0.000000
0.000000
0.000000
0.000000
0.000000
0.000000
0.106252
0.018446
0.000000
0.000000
0.000000
0.000000
0.000000
0.000000
0.000000
0.000000
0.000000
0.000000
0.070905
0.000000
0.000000
0.000000
0.000000
0.000000
0.000000
0.000000
0.000000
0.000000
0.000000
0.000000
0.000000
0.000000
0.000000
0.000000
0.000000
0.005893
0.000000
0.000000
0.000000
0.000000
0.000000
0.289308
0.343437
0.169181
0.367572
0.272847
0.276229
0.356122
0.339106
0.377535
0.263956
0.349186
0.242754
0.239989
0.325539
0.387098
0.377754
0.260708
0.283948
0.285103
0.268914
0.267594
0.459870
0.296169
0.296785
0.335037
0.221692
0.251971
0.369977
0.401401
0.350301
0.336935
0.331547
0.441236
0.373814
0.349385
0.284014
0.388644
0.372204
0.344219
0.390090
0.358488
0.342275
0.415798
0.280924
0.451693
0.373079
0.366897
0.295037
0.416822
0.350468
0.301454
0.370359
0.209884
0.365128
0.341982
0.355219
0.319593
0.474785
0.343222
0.428341
0.386577
0.218317
0.300820
0.363403
0.306634
0.282424
0.263858
0.297910
0.395090
0.268353
0.194980
0.474368
0.202576
0.281056
0.297986
0.273983
0.262772
0.201961
0.391315
0.416689
0.278465
0.309682
0.210135
0.379046
0.329767
0.386336
0.322338
0.352519
0.093171
0.242779
0.311031
0.330704
0.405673
0.334042
0.521197
0.340924
0.318259
0.442399
0.498575
0.288415
0.374234
0.379686
0.211818
0.258102
0.349080
0.335842
0.251724
0.214189
0.409950
0.281622
0.281649
0.464783
0.257728
0.174713
0.249483
0.275187
0.331591
0.238129
0.265029
0.244727
0.387709
0.349941
0.386498
0.363394
0.306365
0.360216
0.305409
0.421208
0.359521
0.399688
0.391364
0.312187
0.365693
0.288864
0.372127
0.322802
0.356899
0.383860
0.465771
0.348927
0.317964
0.296832
0.343572
0.252193
0.215481
0.491299
0.335448
0.309800
0.226662
0.330162
0.302764
0.286258
0.393152
0.277183
0.357924
0.316634
0.414514
0.328027
0.492538
0.354230
0.350929
0.405318
0.280853
0.325803
0.207588
0.365696
0.355673
0.320322
0.299762
0.273337
0.479394
0.419927
0.384750
0.336829
0.421050
0.428317
0.345988
0.429831
0.376205
0.422305
0.343136
0.341559
0.324172
0.293974
0.340216
0.306400
0.372775
0.384533
0.360077
0.267091
0.300512
0.308722
0.409214
0.348200
0.473993
0.423380
0.394794
0.368817
0.419610
0.445335
0.353730
0.365411
0.387329
0.374757
0.261817
0.350552
0.401980
0.274948
0.273492
0.232267
0.331200
0.320396
0.397651
0.207720
0.465937
0.388914
0.426383
0.333706
0.402016
0.317091
0.472933
0.283888
0.308906
0.358313
0.371036
0.385458
0.269131
0.319787
0.314387
0.416659
0.266488
0.289698
0.199954
0.365960
0.168025
0.415153
0.320319
0.326572
0.276368
0.406958
0.297211
0.487506
0.316917
0.368277
0.473329
0.272368
0.390058
0.319972
0.426568
0.334477
0.375303
0.369227
0.308087
0.338676
0.489374
0.310277
0.305880
0.440620
0.300696
0.296484
0.239545
0.292365
0.386579
0.291342
0.428480
0.426431
0.347649
0.345434
0.350995
0.362651
0.339894
0.263325
0.302669
0.363910
0.354325
0.443750
0.343652
0.362048
0.401523
0.313201
0.369366
0.355073
0.348829
0.310109
0.395803
0.320248
0.409123
0.337791
0.000000
0.000000
0.025070
0.000000
0.052689
0.043629
0.000000
0.000000
0.000000
0.000000
0.000000
0.034006
0.045269
0.000000
0.065845
0.000000
0.000000
0.000000
0.090564
0.000000
0.000000
0.167565
0.000000
0.000000
0.098032
0.000000
0.000000
0.000000
0.000000
0.048996
0.063559
0.000000
0.002237
0.000000
0.000000
0.000000
0.013385
0.055670
0.000000
0.056618
0.000000
0.000000
0.000000
0.111143
0.000000
0.000000
0.043013
0.000000
0.013389
0.000000
0.000000
0.000000
0.012163
0.000000
0.000000
0.000000
0.019273
0.060970
0.000000
0.000000
0.000000
0.000000
0.068751
0.000000
0.000000
0.000000
0.075589
0.065075
0.000000
0.000000
0.094067
0.000000
0.000000
0.030542
0.000000
0.000000
0.000000
0.003047
0.000000
0.000000
0.060296
0.098418
0.000000
0.107105
0.000000
0.000000
0.027345
0.082456
0.012834
0.010249
0.000000
0.008710
0.000000
0.027899
0.066321
0.000000
0.000000
0.000000
0.000000
0.017444
0.137345
0.000000
0.063696
0.000000
0.031931
0.000000
0.000000
0.000000
0.000000
0.000000
0.000000
0.000000
0.000000
0.067913
0.000000
0.000000
0.000000
0.000000
0.030610
0.000000
0.000000
0.031943
0.000000
0.000000
0.000000
0.000000
0.000000
0.000000
0.031408
0.043590
0.044430
0.087927
0.000000
0.006830
0.000000
0.000000
0.067847
0.000000
0.091956
0.000000
0.000000
0.000000
0.000000
0.075236
0.000000
0.117598
0.000000
0.000000
0.040378
0.078795
0.044758
0.000000
0.015168
0.019206
0.000000
0.000000
0.135316
0.000000
0.128789
0.250785
0.042556
0.113316
0.008082
0.130111
0.210037
0.000000
0.127754
0.000000
0.011786
0.000000
0.070684
0.000000
0.004124
0.000000
0.017367
0.030923
0.057911
0.053561
0.000000
0.019877
0.000000
0.135588
0.169095
0.000000
0.001765
0.145396
0.122809
0.117089
0.052278
0.047987
0.000000
0.030247
0.035219
0.000000
0.000000
0.000892
0.000000
0.181902
0.086715
0.000000
0.087035
0.093523
0.081090
0.073102
0.069685
0.062258
0.117034
0.042687
0.198425
0.259398
0.097899
0.005586
0.088575
0.028352
0.093014
0.001429
0.144301
0.042704
0.000000
0.000000
0.132813
0.094083
0.000000
0.050345
0.140807
0.013463
0.020711
0.000000
0.050483
0.000000
0.071954
0.098893
0.000000
0.152288
0.138797
0.048251
0.000000
0.000000
0.060660
0.120491
0.078700
0.000000
0.000000
0.110235
0.055772
0.019887
0.209605
0.054042
0.143168
0.075539
0.168549
0.000000
0.000000
0.000000
0.297767
0.215446
0.082194
0.052447
0.215280
0.006653
0.014604
0.000000
0.000000
0.136085
0.000000
0.040349
0.060590
0.000000
0.033324
0.000000
0.000000
0.000000
0.080348
0.027154
0.008827
0.118634
0.000000
0.130412
0.000000
0.104676
0.000000
0.000000
0.045402
0.010566
0.091585
0.028221
0.131356
0.000000
0.000000
0.000000
0.000000
0.000000
0.000000
0.000000
0.000000
0.000000
0.000000
0.027269
0.000000
0.000000
0.000000
0.000000
0.000000
0.000000
0.000000
0.000000
0.000000
0.000000
0.000000
0.000000
0.000000
0.000000
0.039104
0.054988
0.000000
0.000000
0.020971
0.000000
0.000000
0.000000
0.000000
0.000000
0.000000
0.000000
0.000000
0.000000
0.000000
0.000000
0.000000
0.000000
0.000000
0.000000
0.000000
0.000000
0.000000
0.000000
0.000000
0.000000
0.000000
0.000000
0.021765
0.000000
0.000000
0.000000
0.000000
0.000000
0.000000
0.000000
0.000000
0.000000
0.000000
0.000000
0.000000
0.000000
0.000000
0.000000
0.000000
0.000000
0.000000
0.000000
0.000000
0.000000
0.000000
0.000000
0.000000
0.000000
0.000000
0.000000
0.000000
0.000000
0.000000
0.000000
0.000000
0.000000
0.000000
0.000000
0.000000
0.039250
0.000000
0.001392
0.000000
0.000000
0.000000
0.000000
0.000000
0.053612
0.123085
0.000000
0.000000
0.000000
0.000000
0.000000
0.000000
0.012406
0.000000
0.000000
0.000000
0.000000
0.000000
0.000000
0.000000
0.000000
0.000000
0.000000
0.000000
0.063558
0.000000
0.000000
0.000000
0.000000
0.000000
0.000000
0.000000
0.000000
0.070634
0.000000
0.000000
0.027788
0.000000
0.000000
0.015873
0.000000
0.000000
0.000000
0.000000
0.000000
0.000000
0.031014
0.000000
0.000000
0.000000
0.000000
0.000000
0.000000
0.000000
0.000000
0.000000
0.000000
0.000000
0.000000
0.000000
0.000000
0.000000
0.000000
0.000000
0.000000
0.000000
0.000000
0.000000
0.000000
0.000000
0.000000
0.000000
0.000000
0.000000
0.000000
0.000000
0.000000
0.000000
0.000000
0.000000
0.000000
0.000000
0.000000
0.000000
0.000000
0.000000
0.000000
0.000000
0.000000
0.000000
0.000000
0.000000
0.000000
0.000000
0.000000
0.000000
0.000000
0.000000
0.000000
0.000000
0.000000
0.000000
0.000000
0.000000
0.000000
0.000000
0.000000
0.000000
0.000000
0.000000
0.000000
0.000000
0.000000
0.000000
0.000000
0.000000
0.000000
0.000000
0.000000
0.000000
0.000000
0.000000
0.000000
0.000000
0.000000
0.000000
0.000000
0.000000
0.000000
0.000000
0.000000
0.000000
0.000000
0.000000
0.000000
0.000000
0.000000
0.000000
0.000000
0.000000
0.000000
0.000000
0.000000
0.000000
0.000000
0.000000
0.000000
0.000000
0.000000
0.000000
0.000000
0.000000
0.000000
0.000000
0.000000
0.000000
0.000000
0.000000
0.000000
0.000000
0.000000
0.000000
0.000000
0.000000
0.000000
0.000000
0.000000
0.000000
0.000000
0.000000
0.000000
0.000000
0.000000
0.000000
0.000000
0.000000
0.000000
0.000000
0.000000
0.000000
0.000000
0.000000
0.000000
0.000000
0.000000
0.000000
0.000000
0.000000
0.000000
0.000000
0.000000
0.000000
0.000000
0.000000
0.000000
0.177857
0.098802
0.127348
0.044279
0.044551
0.078699
0.183436
0.307850
0.098479
0.037610
0.133363
0.203384
0.006813
0.000000
0.304936
0.282309
0.000000
0.105725
0.135821
0.226137
0.077169
0.058935
0.099123
0.095265
0.000000
0.098319
0.213663
0.076724
0.167557
0.154285
0.095799
0.188821
0.193197
0.189080
0.009173
0.137385
0.078031
0.111129
0.115348
0.084092
0.235526
0.209400
0.055307
0.076441
0.206672
0.016066
0.151479
0.061272
0.124629
0.111668
0.121515
0.098938
0.084228
0.155977
0.048998
0.000000
0.217741
0.204252
0.169959
0.071289
0.113934
0.048422
0.098354
0.079919
0.089567
0.179821
0.000000
0.188907
0.279453
0.188283
0.048627
0.262162
0.097802
0.092594
0.106276
0.256709
0.156644
0.045149
0.198315
0.251109
0.052037
0.057948
0.026451
0.000000
0.125151
0.117198
0.116173
0.156950
0.000000
0.140410
0.080353
0.000000
0.157851
0.095909
0.187663
0.069772
0.009486
0.021929
0.360474
0.284974
0.180802
0.237269
0.217218
0.067142
0.062835
0.227195
0.055060
0.096244
0.235269
0.033445
0.165048
0.231479
0.196621
0.139157
0.068815
0.101987
0.266632
0.060175
0.118153
0.096253
0.036858
0.190831
0.168503
0.135841
0.156481
0.100029
0.185393
0.209798
0.255349
0.207771
0.099887
0.158484
0.046365
0.079719
0.082737
0.080531
0.079551
0.163350
0.271327
0.079306
0.074981
0.048220
0.107035
0.000000
0.000000
0.000000
0.000000
0.000000
0.000000
0.000000
0.000000
0.000000
0.000000
0.000000
0.000000
0.000000
0.000000
0.000000
0.000000
0.000000
0.000000
0.000000
0.000000
0.000000
0.000000
0.000000
0.000000
0.000000
0.000000
0.000000
0.000000
0.000000
0.000000
0.000000
0.000000
0.000000
0.000000
0.000000
0.000000
0.000000
0.000000
0.000000
0.000000
0.000000
0.000000
0.000000
0.000000
0.000000
0.000000
0.000000
0.000000
0.000000
0.000000
0.000000
0.000000
0.000000
0.000000
0.000000
0.000000
0.000000
0.000000
0.000000
0.000000
0.000000
0.000000
0.000000
0.000000
0.000000
0.000000
0.000000
0.000000
0.000000
0.000000
0.000000
0.000000
0.000000
0.000000
0.000000
0.000000
0.000000
0.000000
0.000000
0.000000
0.000000
0.000000
0.000000
0.000000
0.000000
0.000000
0.000000
0.000000
0.000000
0.000000
0.000000
0.000000
0.000000
0.000000
0.000000
0.000000
0.000000
0.000000
0.000000
0.000000
0.000000
0.000000
0.000000
0.000000
0.000000
0.000000
0.000000
0.000000
0.000000
0.000000
0.000000
0.000000
0.000000
0.000000
0.000000
0.000000
0.000000
0.000000
0.000000
0.000000
0.000000
0.000000
0.000000
0.000000
0.000000
0.000000
0.000000
0.000000
0.000000
0.000000
0.000000
0.000000
0.000000
0.000000
0.000000
0.000000
0.000000
0.000000
0.000000
0.000000
0.000000
0.000000
0.000000
0.000000
0.000000
0.208794
0.095320
0.135179
0.082053
0.108436
0.016447
0.075587
0.172059
0.162670
0.233624
0.441292
0.117051
0.123842
0.140682
0.055201
0.063713
0.072955
0.103204
0.181864
0.099893
0.257464
0.000000
0.000000
0.087674
0.089688
0.171638
0.130573
0.095369
0.122140
0.172453
0.112167
0.067701
0.000000
0.220097
0.088833
0.250202
0.000000
0.149676
0.164160
0.000000
0.169000
0.048324
0.068442
0.023761
0.056436
0.111815
0.235994
0.239897
0.070033
0.143019
0.128896
0.091818
0.235453
0.108590
0.104251
0.021733
0.065763
0.125302
0.046445
0.117333
0.000000
0.159466
0.103478
0.173349
0.043521
0.118797
0.072984
0.125950
0.023916
0.000000
0.000000
0.129590
0.206228
0.174979
0.151985
0.016760
0.200037
0.129658
0.181906
0.044136
0.183497
0.166088
0.058650
0.075762
0.112587
0.077615
0.062180
0.215608
0.084578
0.236116
0.148074
0.131841
0.096789
0.111631
0.271115
0.154794
0.110514
0.191082
0.209668
0.163352
0.062233
0.096312
0.158403
0.004583
0.097235
0.134493
0.000000
0.000000
0.265963
0.062515
0.074563
0.106003
0.053252
0.064362
0.192143
0.109892
0.015176
0.060062
0.187065
0.096916
0.101095
0.153817
0.071705
0.186180
0.148404
0.141441
0.125535
0.228459
0.093573
0.133115
0.127203
0.050362
0.000000
0.140042
0.049456
0.083499
0.102175
0.290160
0.155784
0.137230
0.149487
0.084106
0.030344
0.104489
0.036894
0.000000
0.000000
0.000000
0.000000
0.000000
0.000000
0.000000
0.000000
0.000000
0.000000
0.000000
0.000000
0.000000
0.000000
0.000000
0.021976
0.000000
0.000000
0.000000
0.000000
0.000000
0.000000
0.000000
0.000000
0.000000
0.000000
0.000000
0.000000
0.000000
0.000000
0.000000
0.002731
0.000000
0.024050
0.000000
0.000000
0.000000
0.000000
0.000000
0.000000
0.000000
0.006192
0.000000
0.000000
0.000000
0.000000
0.000000
0.009921
0.000000
0.000000
0.022933
0.000000
0.000000
0.000000
0.000000
0.000000
0.081390
0.000000
0.000000
0.000000
0.000000
0.000000
0.000000
0.000000
0.000000
0.000000
0.000000
0.000000
0.000000
0.000000
0.000000
0.000000
0.000000
0.000000
0.070766
0.000000
0.000000
0.000000
0.000000
0.000000
0.060267
0.000000
0.000000
0.000000
0.000000
0.000000
0.000000
0.000000
0.000000
0.000000
0.001615
0.000000
0.000000
0.000000
0.000000
0.000000
0.000000
0.003886
0.000000
0.000000
0.033845
0.047388
0.000000
0.000000
0.000000
0.000000
0.000000
0.000000
0.000000
0.000000
0.000000
0.000000
0.000000
0.000000
0.063264
0.000000
0.000000
0.000000
0.022148
0.000000
0.000000
0.067498
0.000000
0.000000
0.000000
0.000000
0.000000
0.000000
0.000000
0.000000
0.041241
0.000000
0.000000
0.000000
0.000000
0.008680
0.000000
0.047195
0.000000
0.000000
0.000000
0.000000
0.000000
0.437657
0.405243
0.542989
0.398996
0.263648
0.383651
0.363675
0.349679
0.287126
0.511989
0.369378
0.402151
0.406668
0.521771
0.389172
0.404042
0.540570
0.392862
0.509399
0.507115
0.534957
0.424522
0.341810
0.413445
0.392784
0.346938
0.384598
0.281109
0.230546
0.408904
0.409770
0.506813
0.382173
0.395207
0.295556
0.288777
0.539557
0.486845
0.460789
0.530118
0.505516
0.519304
0.494130
0.410786
0.480375
0.256561
0.458232
0.372299
0.416269
0.396766
0.397020
0.313790
0.370877
0.304647
0.279018
0.424290
0.374226
0.328637
0.464170
0.512730
0.393380
0.427647
0.467366
0.451886
0.427853
0.422986
0.372073
0.601371
0.396358
0.314033
0.401585
0.393822
0.395114
0.428909
0.355056
0.321329
0.258834
0.405984
0.458641
0.388530
0.470483
0.246390
0.404556
0.476051
0.390557
0.489104
0.520758
0.391127
0.372965
0.303496
0.376918
0.289502
0.430223
0.438260
0.560977
0.485960
0.449518
0.584608
0.430947
0.393949
0.376751
0.354946
0.323541
0.442299
0.317054
0.235317
0.347538
0.404935
0.464317
0.575782
0.435365
0.299613
0.354545
0.511210
0.446205
0.341662
0.347121
0.385579
0.392770
0.351860
0.343527
0.342781
0.436333
0.431607
0.376701
0.304305
0.381169
0.445988
0.522887
0.483075
0.488910
0.362783
0.390278
0.310542
0.363098
0.495180
0.463871
0.505437
0.435572
0.415689
0.307194
0.367468
0.413388
0.510734
0.000000
0.000000
0.000000
0.000000
0.000000
0.000000
0.000000
0.000000
0.000000
0.000000
0.000000
0.000000
0.000000
0.000000
0.000000
0.000000
0.000000
0.000000
0.000000
0.000000
0.000000
0.000000
0.000000
0.000000
0.000000
0.000000
0.000000
0.000000
0.000000
0.000000
0.000000
0.000000
0.000000
0.000000
0.000000
0.000000
0.000000
0.000000
0.000000
0.000000
0.000000
0.000000
0.000000
0.000000
0.000000
0.000000
0.000000
0.000000
0.000000
0.000000
0.000000
0.000000
0.000000
0.000000
0.000000
0.000000
0.000000
0.000000
0.000000
0.000000
0.000000
0.000000
0.000000
0.000000
0.000000
0.000000
0.000000
0.000000
0.000000
0.000000
0.000000
0.000000
0.000000
0.000000
0.000000
0.000000
0.000000
0.000000
0.000000
0.000000
0.000000
0.000000
0.000000
0.000000
0.000000
0.000000
0.000000
0.000000
0.000000
0.000000
0.000000
0.000000
0.000000
0.000000
0.000000
0.000000
0.000000
0.000000
0.000000
0.000000
0.000000
0.000000
0.000000
0.000000
0.000000
0.000000
0.000000
0.000000
0.000000
0.000000
0.000000
0.000000
0.000000
0.000000
0.000000
0.000000
0.000000
0.000000
0.000000
0.000000
0.000000
0.000000
0.000000
0.000000
0.000000
0.000000
0.000000
0.000000
0.000000
0.000000
0.000000
0.000000
0.000000
0.000000
0.000000
0.000000
0.000000
0.000000
0.000000
0.000000
0.000000
0.000000
0.000000
0.000000
0.000000
0.113410
0.183684
0.085391
0.163025
0.135076
0.147160
0.012442
0.146214
0.157208
0.184327
0.102879
0.176445
0.123446
0.262429
0.177038
0.237716
0.162545
0.119873
0.121838
0.203755
0.133368
0.169613
0.300074
0.242743
0.223775
0.119096
0.094941
0.208622
0.003663
0.259443
0.096419
0.190167
0.260117
0.024982
0.050050
0.347429
0.147456
0.097587
0.184867
0.069212
0.102197
0.104854
0.188715
0.103100
0.169856
0.036331
0.226099
0.139053
0.286994
0.100592
0.191495
0.137363
0.201442
0.159489
0.138698
0.213443
0.204222
0.117669
0.065560
0.189205
0.190468
0.149370
0.233392
0.222139
0.013690
0.122624
0.061891
0.070022
0.276644
0.005384
0.206332
0.368458
0.021424
0.119366
0.054705
0.274366
0.060203
0.145162
0.158243
0.141444
0.140782
0.136885
0.286423
0.000000
0.176910
0.152128
0.022358
0.000000
0.148315
0.210099
0.168579
0.201578
0.276363
0.185261
0.463607
0.086202
0.063631
0.104827
0.065054
0.220436
0.127550
0.179523
0.215591
0.282436
0.174848
0.168990
0.374252
0.111645
0.264030
0.223989
0.001934
0.217882
0.174832
0.077552
0.065623
0.120618
0.083022
0.183638
0.190491
0.130719
0.199217
0.067309
0.143948
0.064606
0.107119
0.118043
0.097278
0.102547
0.110460
0.120603
0.249186
0.008750
0.179339
0.097232
0.220975
0.100586
0.145483
0.174421
0.002491
0.079575
0.195811
0.270057
0.122790
0.000000
0.040192
0.061171
0.000000
0.017767
0.022807
0.000000
0.000000
0.044956
0.002431
0.000000
0.000000
0.000000
0.003806
0.000000
0.000000
0.000000
0.000000
0.000000
0.203767
0.000000
0.000000
0.150292
0.000000
0.000000
0.091490
0.000000
0.000000
0.014109
0.000000
0.092369
0.000000
0.059694
0.000000
0.000000
0.005188
0.110456
0.044605
0.000000
0.000000
0.063478
0.023891
0.000000
0.000000
0.000000
0.000000
0.117393
0.056042
0.031091
0.000000
0.026948
0.019036
0.000621
0.047438
0.000000
0.000000
0.000000
0.053744
0.121424
0.000000
0.000000
0.000000
0.000000
0.088770
0.024485
0.000000
0.000000
0.000000
0.000000
0.000000
0.000000
0.035668
0.103833
0.000000
0.000000
0.000000
0.000000
0.000000
0.029081
0.000000
0.000000
0.000000
0.013010
0.091364
0.000000
0.000000
0.000000
0.079302
0.029617
0.134987
0.020761
0.000000
0.013532
0.000000
0.080107
0.000000
0.000000
0.191497
0.109951
0.037506
0.000000
0.000000
0.000000
0.000000
0.028077
0.000000
0.000000
0.000000
0.000000
0.000000
0.019072
0.000000
0.000000
0.016702
0.000000
0.000000
0.000000
0.121485
0.035372
0.000000
0.052720
0.000000
0.000000
0.141563
0.075858
0.000000
0.042367
0.123876
0.065169
0.000000
0.072041
0.000000
0.000000
0.000000
0.005361
0.000000
0.073530
0.152818
0.141773
0.002009
0.015065
0.055631
0.000000
0.000000
0.550343
0.463757
0.517652
0.484112
0.529166
0.581407
0.517151
0.448233
0.460252
0.681644
0.424316
0.396738
0.525784
0.589244
0.452796
0.459189
0.552043
0.413187
0.503319
0.368409
0.504665
0.472025
0.632245
0.724931
0.460517
0.429678
0.510118
0.567590
0.530675
0.613098
0.487407
0.629799
0.403489
0.441756
0.627532
0.536290
0.388030
0.540963
0.460813
0.491406
0.517237
0.437000
0.591871
0.593422
0.544999
0.472830
0.487362
0.720122
0.405190
0.508410
0.619901
0.466803
0.518133
0.383428
0.413741
0.598146
0.476030
0.461236
0.435689
0.587039
0.442008
0.567496
0.579860
0.463646
0.449047
0.449141
0.469189
0.477191
0.561800
0.462517
0.475826
0.572320
0.414635
0.498455
0.462061
0.530595
0.553234
0.442620
0.195011
0.445833
0.464505
0.496808
0.544949
0.449400
0.499517
0.554779
0.588849
0.522999
0.575990
0.439608
0.543553
0.503688
0.486883
0.387673
0.507032
0.445062
0.422011
0.506064
0.463568
0.425633
0.432032
0.557981
0.346886
0.452484
0.420806
0.579915
0.573371
0.476528
0.544761
0.570868
0.500075
0.712421
0.447076
0.479542
0.534395
0.474726
0.288432
0.546961
0.503258
0.512288
0.577148
0.561086
0.709585
0.413803
0.426350
0.401135
0.483964
0.502746
0.341743
0.523926
0.475036
0.546327
0.525685
0.499128
0.570050
0.577967
0.600957
0.526147
0.359230
0.721888
0.453778
0.539106
0.364401
0.551981
0.043877
0.338046
0.108084
0.250624
0.260561
0.341030
0.181465
0.045358
0.229407
0.236725
0.127686
0.182118
0.296670
0.193013
0.063354
0.226483
0.000000
0.140453
0.175014
0.295133
0.239868
0.317894
0.149849
0.122014
0.181848
0.177562
0.159383
0.204868
0.113548
0.088478
0.196650
0.190043
0.246188
0.170594
0.120260
0.153205
0.201397
0.188280
0.330452
0.204915
0.184125
0.140500
0.216989
0.123291
0.284507
0.254345
0.264624
0.080664
0.193995
0.151853
0.250017
0.063832
0.106718
0.022103
0.158083
0.109019
0.188557
0.244985
0.242703
0.154515
0.179807
0.211709
0.152773
0.204359
0.232331
0.149443
0.216350
0.194807
0.089402
0.265299
0.267526
0.098734
0.149211
0.123173
0.210709
0.093757
0.188613
0.160549
0.178207
0.088338
0.221270
0.298462
0.144943
0.333386
0.165165
0.180291
0.157316
0.208476
0.291749
0.254275
0.212457
0.249723
0.224785
0.039504
0.315990
0.215158
0.137574
0.241642
0.053358
0.258196
0.020909
0.138644
0.184032
0.173516
0.143564
0.200866
0.341454
0.288503
0.236738
0.171361
0.333123
0.314730
0.156405
0.121530
0.208529
0.239471
0.080144
0.167271
0.213238
0.142160
0.189874
0.158939
0.142764
0.239530
0.110785
0.299486
0.111264
0.137669
0.212134
0.130179
0.257272
0.080831
0.154941
0.181229
0.320535
0.226978
0.196472
0.215860
0.169055
0.332247
0.194541
0.278072
0.167020
0.188144
0.135167
0.191916
0.263269
0.189440
0.213734
0.191906
0.001553
0.051150
0.177829
0.159578
0.137108
0.208574
0.144818
0.012099
0.267250
0.156849
0.148259
0.132890
0.019755
0.185917
0.211476
0.135034
0.153951
0.135570
0.000000
0.028367
0.179741
0.099026
0.057702
0.153147
0.287328
0.353642
0.064366
0.176605
0.139543
0.259480
0.137863
0.126419
0.193344
0.130652
0.104131
0.263411
0.199021
0.148798
0.128128
0.150874
0.116587
0.038225
0.150762
0.150526
0.126010
0.176780
0.178814
0.152310
0.154650
0.050566
0.141332
0.102055
0.115707
0.058035
0.081772
0.191031
0.159552
0.197241
0.012458
0.049717
0.028480
0.070766
0.286545
0.030586
0.240064
0.185418
0.043316
0.111798
0.152354
0.070744
0.032217
0.151395
0.156571
0.132532
0.216769
0.269195
0.207773
0.094171
0.079531
0.122881
0.071861
0.200339
0.132121
0.223251
0.046693
0.181074
0.078130
0.206009
0.108250
0.051246
0.076391
0.205602
0.276835
0.235887
0.222146
0.150848
0.151600
0.127781
0.038468
0.158194
0.043119
0.042033
0.116520
0.104104
0.268755
0.209764
0.059137
0.083536
0.053877
0.106064
0.170684
0.068836
0.098118
0.257775
0.252408
0.127518
0.125650
0.126886
0.144903
0.143463
0.131837
0.138448
0.245447
0.245241
0.179023
0.172369
0.132565
0.111461
0.117562
0.000000
0.187196
0.136788
0.294147
0.245518
0.286841
0.132784
0.000000
0.115509
0.000000
0.000000
0.000000
0.000000
0.000000
0.000000
0.000000
0.000000
0.000000
0.000000
0.000000
0.000000
0.000000
0.000000
0.000000
0.000000
0.000000
0.000000
0.000000
0.000000
0.000000
0.000000
0.000000
0.000000
0.000000
0.000000
0.000000
0.000000
0.000000
0.000000
0.000000
0.000000
0.000000
0.000000
0.000000
0.000000
0.000000
0.000000
0.000000
0.000000
0.000000
0.000000
0.000000
0.000000
0.000000
0.000000
0.000000
0.000000
0.000000
0.000000
0.000000
0.000000
0.000000
0.000000
0.000000
0.000000
0.000000
0.000000
0.000000
0.000000
0.000000
0.000000
0.000000
0.000000
0.000000
0.000000
0.000000
0.000000
0.000000
0.000000
0.000000
0.000000
0.000000
0.000000
0.030486
0.000000
0.000000
0.000000
0.000000
0.000000
0.000000
0.000000
0.000000
0.000000
0.000000
0.000000
0.000000
0.000000
0.000000
0.000000
0.000000
0.000000
0.000000
0.000000
0.000000
0.000000
0.000000
0.000000
0.000000
0.000000
0.000000
0.000000
0.000000
0.000000
0.000000
0.000000
0.000000
0.000000
0.000000
0.000000
0.000000
0.000000
0.000000
0.000000
0.037924
0.000000
0.000000
0.000000
0.009177
0.000000
0.000000
0.000000
0.000000
0.000000
0.000000
0.000000
0.000000
0.000000
0.000000
0.000000
0.000000
0.000000
0.000000
0.000000
0.000000
0.000000
0.000000
0.000000
0.000000
0.000000
0.000000
0.000000
0.000000
0.000000
0.000000
0.000000
0.000000
0.000000
0.000000
0.000000
0.000000
0.000000
0.000000
0.000000
0.000000
0.000000
0.000000
0.000000
0.000000
0.000000
0.000000
0.000000
0.000000
0.000000
0.000000
0.000000
0.000000
0.000000
0.000000
0.000000
0.000000
0.000000
0.000000
0.000000
0.000000
0.000000
0.000000
0.000000
0.000000
0.000000
0.000000
0.000000
0.000000
0.000000
0.000000
0.000000
0.000000
0.000000
0.000000
0.000000
0.000000
0.000000
0.000000
0.000000
0.000000
0.000000
0.000000
0.000000
0.000000
0.000000
0.000000
0.000000
0.000000
0.000000
0.000000
0.000000
0.000000
0.000000
0.000000
0.000000
0.000000
0.000000
0.000000
0.000000
0.000000
0.000000
0.000000
0.000000
0.000000
0.000000
0.000000
0.000000
0.000000
0.000000
0.000000
0.000000
0.000000
0.000000
0.000000
0.000000
0.000000
0.000000
0.000000
0.000000
0.000000
0.000000
0.000000
0.000000
0.000000
0.000000
0.000000
0.000000
0.000000
0.000000
0.000000
0.000000
0.000000
0.000000
0.000000
0.000000
0.000000
0.000000
0.000000
0.000000
0.000000
0.000000
0.000000
0.000000
0.000000
0.000000
0.000000
0.000000
0.000000
0.000000
0.000000
0.000000
0.000000
0.000000
0.000000
0.000000
0.000000
0.000000
0.000000
0.000000
0.000000
0.000000
0.000000
0.000000
0.000000
0.000000
0.000000
0.000000
0.000000
0.000000
0.000000
0.000000
0.000000
0.000000
0.238157
0.168826
0.129859
0.200135
0.188787
0.190184
0.148246
0.184355
0.001094
0.028740
0.181886
0.141754
0.110546
0.157062
0.101684
0.124473
0.210472
0.153398
0.075962
0.047972
0.200272
0.090606
0.074250
0.131632
0.113629
0.091859
0.150333
0.131746
0.203878
0.168706
0.007786
0.001501
0.118914
0.186424
0.142945
0.194465
0.014174
0.120276
0.090092
0.160184
0.101318
0.030425
0.195820
0.105875
0.212959
0.218604
0.052259
0.191103
0.188941
0.073951
0.000000
0.154504
0.104401
0.169527
0.044653
0.247971
0.173060
0.136035
0.127967
0.096879
0.077264
0.071476
0.104542
0.288078
0.105282
0.067109
0.064815
0.050398
0.163785
0.165638
0.171390
0.102292
0.120460
0.006633
0.100768
0.215862
0.000000
0.161061
0.198900
0.101656
0.099844
0.293162
0.165902
0.155024
0.194149
0.121095
0.104346
0.114453
0.075242
0.102890
0.047554
0.165184
0.084497
0.150006
0.180410
0.116852
0.114531
0.132259
0.157886
0.202652
0.006791
0.182405
0.102175
0.011184
0.067303
0.121129
0.078928
0.121197
0.171899
0.069196
0.181680
0.177062
0.000000
0.143687
0.047954
0.115489
0.079874
0.059597
0.002759
0.109452
0.221062
0.085529
0.141549
0.143552
0.082331
0.000000
0.099327
0.176868
0.225075
0.022338
0.151733
0.141129
0.122163
0.139201
0.185590
0.023959
0.041415
0.001814
0.053540
0.003239
0.033368
0.092891
0.126543
0.166030
0.358153
0.292792
0.321943
0.218229
0.339292
0.217720
0.240052
0.407226
0.178623
0.429695
0.314167
0.259394
0.120307
0.274015
0.346251
0.184232
0.295023
0.227719
0.262157
0.248525
0.375403
0.191308
0.315463
0.378052
0.276687
0.510814
0.187144
0.423948
0.292835
0.242121
0.343237
0.296429
0.413864
0.273231
0.275119
0.276239
0.419318
0.241681
0.315500
0.302223
0.423681
0.212898
0.253338
0.077027
0.236316
0.437079
0.340990
0.317657
0.391873
0.292901
0.206526
0.249718
0.121718
0.392474
0.199202
0.240173
0.310938
0.332618
0.311496
0.354775
0.332068
0.237653
0.437903
0.288566
0.289844
0.351524
0.154022
0.371415
0.234956
0.224191
0.484210
0.365848
0.339398
0.498170
0.293634
0.356745
0.354655
0.377324
0.348995
0.415873
0.354114
0.200758
0.231841
0.263595
0.288411
0.334365
0.435846
0.199389
0.296166
0.335470
0.361145
0.200819
0.427721
0.332603
0.184736
0.231533
0.426761
0.244650
0.443988
0.344252
0.203393
0.435275
0.271806
0.450012
0.259226
0.405917
0.298021
0.445860
0.467568
0.174455
0.428022
0.438611
0.372406
0.322081
0.268108
0.254028
0.368712
0.259361
0.381495
0.283527
0.325305
0.398725
0.266769
0.186586
0.290108
0.273736
0.298463
0.319780
0.387981
0.314318
0.324813
0.359102
0.288287
0.245914
0.270741
0.261350
0.296513
0.316199
0.346392
0.182790
0.255743
0.305610
0.419434
0.397142
0.361636
0.368253
0.503577
0.378348
0.295559
0.273631
0.358246
0.296174
0.502029
0.372871
0.439001
0.296496
0.324084
0.165750
0.517992
0.276496
0.299961
0.355931
0.288330
0.348313
0.336413
0.407429
0.398443
0.395598
0.483782
0.489113
0.371560
0.390739
0.507822
0.248294
0.380024
0.434844
0.284313
0.367009
0.313473
0.493687
0.387451
0.276779
0.317505
0.426133
0.444943
0.427766
0.324553
0.324849
0.364622
0.407759
0.410796
0.315715
0.412259
0.251466
0.405362
0.183621
0.266294
0.396955
0.314834
0.572725
0.359812
0.381451
0.480772
0.419696
0.459257
0.253406
0.241458
0.482879
0.374172
0.502138
0.364354
0.393636
0.301069
0.206617
0.384456
0.373105
0.377503
0.493799
0.381193
0.141668
0.395680
0.301048
0.230018
0.350297
0.479074
0.254280
0.402353
0.410553
0.446717
0.247450
0.478626
0.326611
0.285229
0.383372
0.352998
0.301063
0.267915
0.369975
0.242234
0.207996
0.483395
0.310289
0.416618
0.392544
0.345921
0.357996
0.340289
0.358491
0.385270
0.407203
0.414913
0.391103
0.495425
0.398147
0.381032
0.387887
0.485622
0.380528
0.294919
0.226517
0.320649
0.298306
0.387840
0.342073
0.277407
0.359187
0.370140
0.258159
0.485659
0.320509
0.418444
0.326880
0.400508
0.312556
0.320744
0.472417
0.283559
0.370284
0.454845
0.437649
0.442615
0.348039
0.414131
0.237294
0.337080
0.260735
0.363367
0.357137
0.376858
0.205508
0.514383
0.308330
0.297007
0.337333
0.380966
0.306430
0.372061
0.353917
0.358800
0.315627
0.306536
0.274212
0.502668
0.372908
0.337714
0.372311
0.380577
0.459173
0.349624
0.299242
0.413302
0.321343
0.271013
0.471430
0.278433
0.426220
0.342980
0.374455
0.439183
0.451445
0.314335
0.465388
0.402925
0.412494
0.362798
0.327546
0.420163
0.486154
0.292190
0.378869
0.392523
0.311057
0.314100
0.372328
0.269877
0.401224
0.313977
0.364452
0.334116
0.476356
0.231958
0.346517
0.322877
0.364916
0.430048
0.281284
0.378583
0.482783
0.346627
0.312012
0.153236
0.543828
0.197682
0.363080
0.288939
0.321849
0.303283
0.338794
0.273804
0.441502
0.423850
0.257896
0.398712
0.378093
0.355990
0.307861
0.316630
0.314480
0.409213
0.274156
0.203984
0.397879
0.388356
0.311440
0.323664
0.344992
0.327611
0.261158
0.402267
0.412740
0.294314
0.302180
0.404387
0.271632
0.505233
0.249366
0.163288
0.499609
0.253941
0.412397
0.317683
0.386900
0.299467
0.357771
0.364114
0.293400
0.296907
0.456650
0.273499
0.493645
0.437150
0.299806
0.397357
0.386585
0.240961
0.404112
0.335336
0.394222
0.499960
0.344969
0.462144
0.369463
0.519470
0.355943
0.393733
0.326507
0.257234
0.514696
0.411851
0.483904
0.394946
0.317128
0.249355
0.307189
0.318324
0.345091
0.410163
0.388849
0.417321
0.306167
0.238276
0.416191
0.123371
0.029587
0.014124
0.046858
0.069247
0.044936
0.010529
0.093003
0.042663
0.191844
0.174029
0.140382
0.026920
0.012262
0.000000
0.077308
0.020626
0.122976
0.143967
0.067160
0.111987
0.082005
0.022601
0.123547
0.048543
0.050666
0.130636
0.093241
0.069313
0.000000
0.000000
0.042476
0.137002
0.022128
0.019482
0.056537
0.007496
0.020445
0.000000
0.098872
0.000000
0.075265
0.143720
0.052734
0.128432
0.101715
0.072159
0.034369
0.000000
0.037264
0.002472
0.031398
0.151810
0.100894
0.096154
0.008027
0.120267
0.072105
0.078242
0.125467
0.125653
0.007588
0.095539
0.039206
0.019047
0.003575
0.088360
0.097585
0.162717
0.148187
0.000000
0.017036
0.030632
0.173461
0.026337
0.033748
0.004444
0.143349
0.097278
0.180464
0.110063
0.098344
0.072829
0.004913
0.064612
0.039344
0.011306
0.237377
0.173764
0.127847
0.174470
0.033859
0.000000
0.000000
0.000000
0.025113
0.093848
0.061819
0.164059
0.210483
0.154570
0.148471
0.086291
0.033037
0.000000
0.110156
0.077170
0.200581
0.131088
0.109627
0.162980
0.064859
0.080258
0.033945
0.026969
0.000000
0.047138
0.042337
0.111476
0.000915
0.028130
0.062761
0.000000
0.000000
0.000000
0.076617
0.069323
0.093013
0.000000
0.052246
0.018496
0.000000
0.061608
0.131579
0.000000
0.000000
0.156082
0.024241
0.048423
0.108576
0.102009
0.000000
0.000000
0.076620
0.267393
0.416479
0.272177
0.270061
0.316323
0.354160
0.386931
0.113937
0.282180
0.651500
0.231617
0.422874
0.434065
0.185765
0.362223
0.310762
0.283439
0.277380
0.263680
0.406896
0.302783
0.451255
0.305186
0.515811
0.550454
0.290943
0.262434
0.261368
0.293697
0.386247
0.229681
0.356754
0.431193
0.182300
0.166064
0.261491
0.401292
0.376625
0.402549
0.371121
0.329755
0.425536
0.354809
0.267173
0.315591
0.205875
0.525724
0.398193
0.385658
0.109844
0.253389
0.348175
0.262723
0.412399
0.444550
0.226969
0.317282
0.380794
0.482763
0.389973
0.294444
0.303221
0.291176
0.289209
0.366325
0.309041
0.357082
0.318133
0.193991
0.308749
0.347762
0.408402
0.361971
0.317516
0.531457
0.233675
0.409313
0.372725
0.316634
0.301152
0.285090
0.346556
0.178928
0.413454
0.261250
0.328280
0.552301
0.427357
0.270876
0.300603
0.364944
0.148102
0.341648
0.539301
0.288590
0.317572
0.240749
0.315762
0.373013
0.243141
0.372315
0.324735
0.375076
0.410587
0.397057
0.285911
0.277560
0.429341
0.359436
0.371625
0.467211
0.349220
0.574099
0.475909
0.268697
0.208103
0.389522
0.345609
0.324298
0.308298
0.242917
0.454167
0.197711
0.431968
0.364675
0.372681
0.160762
0.348665
0.277603
0.461027
0.300843
0.177560
0.354057
0.316579
0.266196
0.248182
0.342442
0.340520
0.386779
0.356456
0.292454
0.357212
0.274362
0.105709
0.082118
0.020282
0.000000
0.049569
0.000000
0.082420
0.000000
0.171671
0.000000
0.134587
0.039778
0.000343
0.122089
0.000000
0.179337
0.083704
0.059066
0.126188
0.095336
0.064191
0.136625
0.041126
0.044151
0.113263
0.048532
0.146315
0.000000
0.006430
0.000000
0.035268
0.093230
0.000000
0.097641
0.069700
0.263774
0.066199
0.062107
0.036933
0.000000
0.084021
0.000000
0.089586
0.000000
0.000000
0.048797
0.115225
0.156268
0.089246
0.031092
0.075742
0.047347
0.000000
0.138308
0.136661
0.041841
0.051582
0.100069
0.101474
0.045768
0.082666
0.004873
0.098600
0.109506
0.000000
0.087001
0.022740
0.069352
0.004614
0.022268
0.054524
0.000000
0.113355
0.131658
0.053173
0.107910
0.000000
0.093638
0.076320
0.082347
0.128122
0.169061
0.097406
0.135751
0.058839
0.047655
0.077125
0.038737
0.082351
0.004779
0.138977
0.153448
0.097747
0.050781
0.000000
0.000000
0.039620
0.069621
0.152730
0.218468
0.167533
0.188051
0.118821
0.188640
0.000000
0.000000
0.117101
0.000000
0.144999
0.088685
0.072274
0.136890
0.010485
0.053380
0.000000
0.176107
0.110982
0.036920
0.049507
0.123259
0.000000
0.104890
0.039253
0.000000
0.023502
0.000000
0.013814
0.033663
0.116699
0.000000
0.188902
0.082386
0.000000
0.204565
0.106838
0.163151
0.148852
0.043263
0.000000
0.049461
0.000000
0.052059
0.000000
0.097500
0.214797
0.047272
0.172113
0.026821
0.164242
0.051157
0.227239
0.119014
0.143621
0.034285
0.057256
0.190447
0.061164
0.062449
0.124386
0.137200
0.175706
0.122482
0.175545
0.106487
0.221890
0.081803
0.156568
0.034124
0.000000
0.083517
0.221481
0.038997
0.131515
0.232717
0.046376
0.194350
0.109515
0.188534
0.095329
0.106905
0.168034
0.207932
0.160836
0.153295
0.145964
0.079843
0.315909
0.154803
0.171897
0.000000
0.029756
0.230841
0.156941
0.321329
0.025632
0.262199
0.195504
0.178466
0.064133
0.129124
0.083612
0.008813
0.023107
0.000000
0.115878
0.041008
0.106463
0.056902
0.201459
0.143424
0.072331
0.090098
0.138380
0.127463
0.118747
0.199865
0.155055
0.146235
0.029426
0.120159
0.071346
0.178459
0.123230
0.132894
0.076324
0.143832
0.308156
0.172777
0.000000
0.305193
0.279090
0.088438
0.195336
0.099000
0.104295
0.251132
0.291353
0.025003
0.077462
0.190773
0.138197
0.067295
0.184241
0.000000
0.219627
0.198772
0.239091
0.061442
0.055741
0.265901
0.121629
0.180505
0.159332
0.105545
0.207639
0.213721
0.014158
0.236259
0.168596
0.156314
0.090989
0.254725
0.134113
0.241314
0.004714
0.130688
0.142497
0.167907
0.282096
0.204711
0.184375
0.177183
0.023462
0.115108
0.000000
0.164507
0.253997
0.229155
0.164931
0.152873
0.202159
0.097800
0.163287
0.219388
0.176947
0.177422
0.052439
0.012618
0.152180
0.000000
0.159959
0.103165
0.035388
0.000000
0.102868
0.083618
0.000000
0.021182
0.019283
0.115466
0.008650
0.000000
0.179283
0.000000
0.062364
0.070678
0.048539
0.000000
0.014801
0.000000
0.115974
0.009020
0.061489
0.020444
0.057147
0.017962
0.017738
0.000000
0.051118
0.060500
0.000000
0.054178
0.134450
0.118635
0.000000
0.000000
0.022032
0.206935
0.128205
0.040908
0.018535
0.086701
0.092077
0.000000
0.033081
0.000000
0.111650
0.243349
0.021277
0.102123
0.049029
0.059170
0.000000
0.109464
0.020279
0.062868
0.000000
0.052700
0.069688
0.000000
0.144949
0.000000
0.039150
0.000000
0.068543
0.000000
0.129538
0.001983
0.078904
0.051991
0.109857
0.044892
0.000000
0.000000
0.145019
0.048415
0.014174
0.086243
0.122227
0.017392
0.000000
0.000000
0.000000
0.000000
0.021838
0.006613
0.129987
0.001042
0.026764
0.096120
0.054284
0.000000
0.030037
0.125828
0.051688
0.061118
0.058818
0.000000
0.154930
0.062733
0.033662
0.000000
0.000000
0.057811
0.090765
0.044879
0.000000
0.000000
0.054037
0.023410
0.025534
0.000000
0.071307
0.165630
0.000000
0.027796
0.010346
0.099281
0.039775
0.000000
0.086035
0.000000
0.001997
0.135908
0.086337
0.130691
0.000000
0.120125
0.163600
0.000000
0.065320
0.022322
0.156721
0.063081
0.073328
0.073102
0.127535
0.067236
0.110852
0.002366
0.094603
0.197418
0.112087
0.271593
0.295220
0.328644
0.265837
0.296110
0.224993
0.236331
0.473463
0.250069
0.278953
0.192847
0.189631
0.324582
0.121837
0.190986
0.226800
0.278223
0.176995
0.229536
0.134204
0.203882
0.196346
0.329332
0.342424
0.132394
0.173211
0.256071
0.299312
0.210126
0.285795
0.199022
0.356961
0.233639
0.102570
0.150919
0.230909
0.250144
0.153048
0.170496
0.123789
0.478045
0.151126
0.235133
0.253122
0.330621
0.218180
0.010198
0.143897
0.090142
0.268499
0.228075
0.218309
0.350710
0.274137
0.243127
0.286037
0.161606
0.343105
0.346027
0.203720
0.226150
0.135701
0.174721
0.223955
0.289565
0.184125
0.285126
0.306277
0.352890
0.176954
0.324030
0.289688
0.359335
0.441900
0.131253
0.265479
0.304316
0.135215
0.145355
0.165830
0.219198
0.168329
0.264236
0.187987
0.219278
0.215131
0.320847
0.096316
0.370121
0.228575
0.160245
0.179992
0.315551
0.205392
0.260996
0.207687
0.336848
0.298854
0.163050
0.269582
0.196472
0.192394
0.136704
0.171323
0.064998
0.150473
0.172622
0.276915
0.183395
0.211754
0.187992
0.349401
0.257706
0.248946
0.187031
0.206173
0.112623
0.149510
0.254162
0.345529
0.296547
0.176057
0.285144
0.144494
0.214273
0.271126
0.115813
0.064036
0.347631
0.157580
0.195837
0.174086
0.229801
0.134564
0.243056
0.179425
0.245039
0.136298
0.264011
0.156780
0.166755
0.203831
0.311278
0.163315
0.000000
0.000000
0.000000
0.000000
0.000000
0.000000
0.000000
0.000000
0.000000
0.000000
0.000000
0.000000
0.000000
0.000000
0.000000
0.000000
0.000000
0.000000
0.000000
0.000000
0.000000
0.000000
0.000000
0.000000
0.000000
0.000000
0.000000
0.000000
0.000000
0.000000
0.000000
0.000000
0.000000
0.000000
0.000000
0.000000
0.000000
0.000000
0.000000
0.000000
0.000000
0.000000
0.000000
0.000000
0.000000
0.000000
0.000000
0.000000
0.000000
0.000000
0.000000
0.000000
0.000000
0.000000
0.000000
0.000000
0.000000
0.000000
0.000000
0.000000
0.000000
0.000000
0.000000
0.000000
0.000000
0.000000
0.000000
0.000000
0.000000
0.000000
0.000000
0.000000
0.000000
0.000000
0.000000
0.000000
0.000000
0.000000
0.000000
0.000000
0.000000
0.000000
0.000000
0.000000
0.000000
0.000000
0.000000
0.000000
0.000000
0.000000
0.000000
0.000000
0.000000
0.000000
0.000000
0.000000
0.000000
0.000000
0.000000
0.000000
0.000000
0.000000
0.000000
0.000000
0.000000
0.000000
0.000000
0.000000
0.000000
0.000000
0.000000
0.000000
0.000000
0.000000
0.000000
0.000000
0.000000
0.000000
0.000000
0.000000
0.000000
0.000000
0.000000
0.000000
0.000000
0.000000
0.000000
0.000000
0.000000
0.000000
0.000000
0.000000
0.000000
0.000000
0.000000
0.000000
0.000000
0.000000
0.000000
0.000000
0.000000
0.000000
0.000000
0.000000
0.000000
0.000000
0.000000
0.000000
0.000000
0.000000
0.000000
0.000000
0.000000
0.000000
0.000000
0.000000
0.000000
0.000000
0.000000
0.000000
0.000000
0.000000
0.000000
0.000000
0.000000
0.000000
0.000000
0.000000
0.000000
0.000000
0.000000
0.000000
0.000000
0.000000
0.000000
0.000000
0.000000
0.000000
0.000000
0.000000
0.000000
0.000000
0.000000
0.000000
0.000000
0.000000
0.000000
0.000000
0.000000
0.000000
0.000000
0.000000
0.000000
0.000000
0.000000
0.000000
0.000000
0.000000
0.000000
0.000000
0.000000
0.000000
0.000000
0.000000
0.000000
0.000000
0.000000
0.000000
0.000000
0.000000
0.000000
0.000000
0.000000
0.000000
0.000000
0.000000
0.000000
0.000000
0.000000
0.000000
0.000000
0.000000
0.000000
0.000000
0.000000
0.000000
0.000000
0.000000
0.000000
0.000000
0.000000
0.000000
0.000000
0.000000
0.000000
0.000000
0.000000
0.000000
0.000000
0.000000
0.000000
0.000000
0.000000
0.000000
0.000000
0.000000
0.000000
0.000000
0.000000
0.000000
0.000000
0.000000
0.000000
0.000000
0.000000
0.000000
0.000000
0.000000
0.000000
0.000000
0.000000
0.000000
0.000000
0.000000
0.000000
0.000000
0.000000
0.000000
0.000000
0.000000
0.000000
0.000000
0.000000
0.000000
0.000000
0.000000
0.000000
0.000000
0.000000
0.000000
0.000000
0.000000
0.000000
0.000000
0.000000
0.000000
0.000000
0.000000
0.015483
0.000000
0.041939
0.000000
0.000000
0.008462
0.000000
0.000000
0.000000
0.000000
0.000000
0.000000
0.000000
0.000000
0.000000
0.000000
0.000000
0.000000
0.000000
0.000000
0.000000
0.000000
0.000000
0.000000
0.000000
0.000000
0.000000
0.000000
0.000000
0.000000
0.000000
0.000000
0.000000
0.000000
0.000000
0.000000
0.000000
0.000000
0.080577
0.000000
0.000000
0.002011
0.000000
0.000000
0.000000
0.007399
0.000000
0.000000
0.000000
0.000000
0.000000
0.000000
0.000000
0.000000
0.000000
0.000000
0.000000
0.000000
0.000000
0.000000
0.000000
0.000000
0.000000
0.000000
0.000000
0.000000
0.000000
0.000000
0.000000
0.000000
0.041261
0.000000
0.000000
0.000000
0.000000
0.000000
0.000000
0.000000
0.000000
0.000000
0.000000
0.000000
0.000000
0.000000
0.000000
0.000000
0.000000
0.000000
0.006632
0.000000
0.000000
0.000000
0.000000
0.023190
0.000000
0.000000
0.007483
0.000000
0.000000
0.053461
0.000000
0.000000
0.000000
0.000000
0.000000
0.000000
0.000000
0.000000
0.000000
0.000000
0.000000
0.000000
0.000000
0.000000
0.000000
0.000000
0.000000
0.000000
0.000000
0.000000
0.000000
0.000000
0.000000
0.000000
0.000000
0.000000
0.000000
0.000000
0.000000
0.000000
0.000000
0.000000
0.000000
0.000000
0.000000
0.000000
0.000000
0.000000
0.000000
0.000000
0.000000
0.029361
0.000000
0.004240
0.384931
0.113494
0.358964
0.318791
0.307433
0.241463
0.194242
0.385423
0.371865
0.401543
0.369158
0.238782
0.429608
0.331059
0.298759
0.176098
0.308625
0.159375
0.451250
0.509046
0.424533
0.303287
0.221431
0.153393
0.303532
0.529489
0.410668
0.314187
0.319042
0.435524
0.330253
0.397244
0.195849
0.291503
0.354133
0.350429
0.555398
0.220032
0.350388
0.189645
0.291887
0.373811
0.386572
0.270606
0.407452
0.376379
0.280435
0.296020
0.437687
0.470657
0.311994
0.307273
0.253365
0.408689
0.292175
0.251960
0.350471
0.284090
0.291508
0.431440
0.274487
0.319734
0.399633
0.275341
0.380738
0.371619
0.279525
0.468451
0.471004
0.325413
0.300991
0.459521
0.294716
0.311813
0.377555
0.259585
0.275613
0.350936
0.310766
0.371361
0.303208
0.349904
0.400428
0.386131
0.298024
0.361880
0.349634
0.299142
0.355069
0.311424
0.383312
0.386270
0.277902
0.142032
0.450163
0.331281
0.354775
0.323092
0.426176
0.209293
0.435738
0.430662
0.307257
0.290675
0.349317
0.373414
0.265865
0.442490
0.405983
0.389637
0.459900
0.371993
0.490499
0.312173
0.322176
0.267838
0.195915
0.502532
0.387190
0.372560
0.401162
0.264040
0.417121
0.402375
0.314021
0.263744
0.357626
0.335029
0.260325
0.425445
0.200008
0.592310
0.207250
0.222491
0.260819
0.319807
0.408244
0.260430
0.407504
0.406678
0.211702
0.284416
0.205782
0.431238
0.359337
0.265492
0.477886
0.235365
0.352934
0.333632
0.370078
0.257107
0.306086
0.429140
0.440955
0.336102
0.350072
0.331870
0.312020
0.392210
0.343075
0.291248
0.306117
0.242369
0.456802
0.334794
0.381591
0.346594
0.398348
0.417797
0.281133
0.354708
0.321639
0.330611
0.269897
0.306582
0.343699
0.315025
0.269034
0.422885
0.492508
0.252612
0.378635
0.365278
0.461178
0.291618
0.272182
0.301768
0.445164
0.384307
0.331611
0.398547
0.323002
0.338418
0.225017
0.279303
0.352709
0.369663
0.260874
0.349745
0.359417
0.434014
0.375833
0.342702
0.297061
0.259251
0.361881
0.413432
0.316244
0.367437
0.321409
0.437415
0.426789
0.422367
0.319053
0.439774
0.344558
0.354413
0.299401
0.334608
0.343096
0.398799
0.343812
0.347614
0.374467
0.306782
0.374699
0.332291
0.274274
0.457735
0.391206
0.369333
0.405086
0.278263
0.269556
0.358368
0.362770
0.463551
0.305824
0.386762
0.483759
0.397162
0.315979
0.266452
0.306203
0.215157
0.344992
0.409314
0.399479
0.399117
0.435510
0.326499
0.429021
0.387208
0.268155
0.431927
0.418504
0.398599
0.311864
0.366408
0.359200
0.307828
0.354188
0.360754
0.374546
0.388832
0.446953
0.296554
0.484250
0.191570
0.405733
0.370059
0.324911
0.275326
0.365952
0.423829
0.419503
0.315885
0.228409
0.232277
0.348529
0.364597
0.267485
0.366394
0.390894
0.301485
0.324409
0.377289
0.000000
0.043671
0.000000
0.000000
0.000000
0.000000
0.000000
0.000000
0.078880
0.000000
0.061742
0.000000
0.000000
0.068209
0.000000
0.000000
0.000000
0.000000
0.005815
0.000000
0.000000
0.008635
0.000000
0.083915
0.000000
0.010313
0.000000
0.019220
0.007626
0.093512
0.009022
0.000000
0.000000
0.000000
0.000000
0.010176
0.000000
0.000000
0.034915
0.000000
0.023471
0.000000
0.036757
0.045327
0.042611
0.000000
0.000000
0.000000
0.000000
0.026556
0.000000
0.000000
0.000000
0.000000
0.000000
0.008033
0.000000
0.000000
0.066566
0.000000
0.120820
0.000000
0.062408
0.000000
0.077004
0.009552
0.053850
0.000000
0.000000
0.000000
0.021769
0.000000
0.000000
0.059544
0.000000
0.067622
0.000000
0.000000
0.000000
0.078973
0.000000
0.000000
0.032166
0.000000
0.000000
0.045643
0.000000
0.000000
0.000000
0.000000
0.000000
0.000000
0.000000
0.000000
0.000000
0.000000
0.000000
0.037545
0.014747
0.000000
0.012677
0.000000
0.000000
0.000000
0.000000
0.133761
0.075238
0.000000
0.238790
0.000000
0.026830
0.000000
0.000000
0.000000
0.000000
0.043205
0.000000
0.000000
0.022493
0.000000
0.000000
0.000000
0.000000
0.039200
0.034127
0.024222
0.000000
0.000000
0.000000
0.000000
0.000000
0.000000
0.073766
0.125332
0.000000
0.078428
0.022399
0.000000
0.000000
0.000000
0.000000
0.000000
0.084722
0.000000
0.049514
0.000000
0.142135
0.000652
0.038234
0.160589
0.101318
0.047858
0.000000
0.102504
0.052049
0.102273
0.024803
0.057488
0.000000
0.057592
0.062637
0.123502
0.000000
0.054933
0.173935
0.115977
0.025896
0.000000
0.083720
0.015002
0.026622
0.015735
0.000000
0.044826
0.243947
0.100592
0.027053
0.000000
0.004199
0.113364
0.297995
0.000000
0.000000
0.074292
0.107660
0.146391
0.053601
0.094921
0.000000
0.000000
0.165827
0.000000
0.000000
0.000000
0.000000
0.000000
0.081128
0.000000
0.075778
0.084956
0.119107
0.129127
0.068121
0.143858
0.000000
0.000000
0.096871
0.000000
0.175862
0.212304
0.090477
0.000000
0.000000
0.045925
0.025425
0.071384
0.078579
0.190122
0.000000
0.064470
0.116686
0.000000
0.028410
0.049086
0.000000
0.000000
0.209995
0.000000
0.000000
0.083347
0.104348
0.064476
0.050485
0.040616
0.000000
0.000000
0.040987
0.041562
0.000000
0.141839
0.086228
0.093071
0.096019
0.000000
0.106918
0.111086
0.159110
0.000000
0.022438
0.089849
0.000000
0.046359
0.000000
0.351711
0.097139
0.115257
0.128657
0.063044
0.239133
0.000000
0.000000
0.134989
0.000000
0.000000
0.000000
0.115165
0.027777
0.020663
0.091117
0.000000
0.000000
0.157953
0.032176
0.093032
0.000000
0.011204
0.136909
0.166060
0.166498
0.148441
0.048157
0.022726
0.000000
0.130943
0.000000
0.096648
0.117169
0.000000
0.000000
0.000000
0.000000
0.000000
0.000000
0.000000
0.000000
0.000000
0.000000
0.000000
0.000000
0.000000
0.000000
0.000000
0.003603
0.000000
0.000000
0.000000
0.000000
0.000000
0.000000
0.000000
0.000000
0.000000
0.000000
0.000000
0.000000
0.000000
0.000000
0.000000
0.000000
0.000000
0.000000
0.028407
0.000000
0.000000
0.000000
0.000000
0.000000
0.000000
0.001512
0.000000
0.000000
0.000000
0.013511
0.000000
0.000000
0.000000
0.000000
0.169179
0.000000
0.000000
0.097297
0.000000
0.000000
0.000000
0.000000
0.000000
0.000000
0.000333
0.000000
0.000000
0.000000
0.000000
0.000000
0.000000
0.000000
0.000000
0.014657
0.000000
0.011458
0.000000
0.000000
0.000000
0.000000
0.000000
0.000000
0.000000
0.000000
0.000000
0.000000
0.000000
0.000000
0.000000
0.000000
0.000000
0.000000
0.000000
0.030480
0.000000
0.000000
0.000000
0.000000
0.000000
0.000000
0.054967
0.000000
0.000000
0.000000
0.009074
0.000000
0.000000
0.000000
0.000000
0.000000
0.000000
0.000000
0.000000
0.000000
0.000000
0.000000
0.000000
0.000000
0.000000
0.000000
0.000000
0.000000
0.000000
0.000000
0.000000
0.000000
0.000000
0.000000
0.000000
0.000000
0.000000
0.000000
0.000000
0.000000
0.000000
0.000000
0.000000
0.000000
0.000000
0.000000
0.000000
0.000000
0.000000
0.000000
0.034647
0.000000
0.000000
0.025322
0.000000
0.000000
0.000000
0.000000
0.000000
0.000000
0.000000
0.000000
0.000000
0.000000
0.000000
0.000000
0.000000
0.000000
0.000000
0.000000
0.000000
0.000000
0.000000
0.000000
0.000000
0.000000
0.000000
0.000000
0.000000
0.000000
0.000000
0.000000
0.000000
0.000000
0.000000
0.000000
0.000000
0.000000
0.000000
0.000000
0.000000
0.000000
0.000000
0.000000
0.000000
0.000000
0.000000
0.000000
0.000000
0.000000
0.000000
0.000000
0.000000
0.000000
0.000000
0.000000
0.000000
0.000000
0.000000
0.000000
0.000000
0.000000
0.000000
0.000000
0.000000
0.000000
0.000000
0.000000
0.000000
0.000000
0.000000
0.000000
0.000000
0.000000
0.000000
0.000000
0.000000
0.000000
0.000000
0.000000
0.000000
0.000000
0.000000
0.000000
0.000000
0.000000
0.000000
0.000000
0.000000
0.000000
0.000000
0.000000
0.000000
0.000000
0.000000
0.000000
0.000000
0.000000
0.000000
0.000000
0.000000
0.000000
0.000000
0.000000
0.000000
0.000000
0.000000
0.000000
0.000000
0.000000
0.000000
0.000000
0.000000
0.000000
0.000000
0.000000
0.000000
0.000000
0.000000
0.000000
0.000000
0.000000
0.000000
0.000000
0.000000
0.000000
0.000000
0.000000
0.000000
0.000000
0.000000
0.000000
0.000000
0.000000
0.000000
0.000000
0.000000
0.000000
0.000000
0.000000
0.000000
0.000000
0.000000
0.000000
0.000000
0.000000
0.000000
0.000000
0.000000
0.185638
0.228488
0.069981
0.131294
0.089058
0.051283
0.090154
0.231434
0.163876
0.285009
0.000000
0.199142
0.232218
0.179332
0.091368
0.000000
0.117109
0.068757
0.254717
0.041892
0.103077
0.000000
0.097758
0.049071
0.054273
0.142888
0.073088
0.147650
0.027667
0.085314
0.123089
0.068616
0.043384
0.023204
0.220407
0.145184
0.270231
0.050091
0.212558
0.000000
0.107700
0.074030
0.137307
0.019693
0.002781
0.328313
0.099317
0.023512
0.025059
0.205470
0.272032
0.021320
0.141573
0.216959
0.100090
0.000000
0.058303
0.098405
0.039545
0.130815
0.007394
0.116755
0.061918
0.118416
0.187097
0.089229
0.124097
0.034091
0.150217
0.295547
0.266121
0.213921
0.170759
0.120182
0.055784
0.082015
0.087208
0.091198
0.231865
0.086876
0.044955
0.141299
0.090026
0.093785
0.000000
0.177704
0.113752
0.018030
0.172376
0.165545
0.163739
0.136485
0.266940
0.098639
0.090590
0.159253
0.110546
0.086850
0.230893
0.124072
0.236738
0.263768
0.080066
0.041545
0.117916
0.106904
0.188272
0.157544
0.000000
0.202720
0.140717
0.255780
0.146200
0.093801
0.059584
0.118395
0.093780
0.175099
0.101696
0.000000
0.147064
0.088669
0.151985
0.129608
0.007055
0.110231
0.066321
0.206187
0.224342
0.166618
0.026054
0.093248
0.153748
0.000000
0.051621
0.151029
0.000000
0.039095
0.000000
0.164737
0.175667
0.280184
0.069067
0.000000
0.000000
0.000000
0.000000
0.000000
0.000000
0.000000
0.000000
0.000000
0.000000
0.000000
0.000000
0.000000
0.000000
0.000000
0.000000
0.000000
0.000000
0.000000
0.000000
0.000000
0.000000
0.000000
0.000000
0.000000
0.000000
0.000000
0.000000
0.000000
0.000000
0.000000
0.000000
0.000000
0.000000
0.000000
0.000000
0.000000
0.000000
0.000000
0.000000
0.000000
0.000000
0.000000
0.000000
0.000000
0.000000
0.000000
0.000000
0.000000
0.000000
0.000000
0.000000
0.000000
0.000000
0.000000
0.000000
0.000000
0.000000
0.000000
0.000000
0.000000
0.000000
0.000000
0.000000
0.000000
0.000000
0.000000
0.000000
0.000000
0.000000
0.000000
0.000000
0.000000
0.000000
0.000000
0.000000
0.000000
0.000000
0.000000
0.000000
0.000000
0.000000
0.000000
0.000000
0.000000
0.000000
0.000000
0.000000
0.000000
0.000000
0.000000
0.000000
0.000000
0.000000
0.000000
0.000000
0.000000
0.000000
0.000000
0.000000
0.000000
0.000000
0.000000
0.000000
0.000000
0.000000
0.000000
0.000000
0.000000
0.000000
0.000000
0.000000
0.000000
0.000000
0.000000
0.000000
0.000000
0.000000
0.000000
0.000000
0.000000
0.000000
0.000000
0.000000
0.000000
0.000000
0.000000
0.000000
0.000000
0.000000
0.000000
0.000000
0.000000
0.000000
0.000000
0.000000
0.000000
0.000000
0.000000
0.000000
0.000000
0.000000
0.000000
0.000000
0.000000
0.145084
0.177488
0.089206
0.150275
0.083210
0.089599
0.088861
0.273276
0.000000
0.046248
0.064794
0.072132
0.307946
0.045780
0.262900
0.190325
0.172277
0.086294
0.199709
0.089760
0.147918
0.139469
0.289791
0.129998
0.028624
0.060719
0.000000
0.220831
0.157822
0.174981
0.038728
0.115857
0.153712
0.078268
0.167860
0.176317
0.167834
0.098936
0.083531
0.113214
0.175966
0.062776
0.107085
0.146973
0.189608
0.195986
0.080286
0.169228
0.046842
0.168977
0.124340
0.208795
0.184522
0.116678
0.064056
0.052296
0.058567
0.115548
0.104967
0.183921
0.271745
0.020871
0.024694
0.143625
0.213859
0.165294
0.049685
0.119423
0.179401
0.155412
0.159736
0.128784
0.096243
0.046902
0.180865
0.033227
0.076528
0.140052
0.124302
0.128473
0.059052
0.262281
0.040858
0.143504
0.295921
0.260671
0.113410
0.097524
0.142194
0.145118
0.203174
0.181005
0.132314
0.182119
0.091349
0.169785
0.106126
0.172579
0.260186
0.194728
0.101341
0.026524
0.010526
0.000000
0.076635
0.180228
0.074622
0.040698
0.204034
0.263290
0.119751
0.004701
0.000671
0.049883
0.182865
0.201756
0.140199
0.116826
0.173613
0.081967
0.000000
0.113365
0.253293
0.174254
0.045565
0.177209
0.000000
0.120677
0.191275
0.054067
0.081616
0.044991
0.227533
0.148996
0.200277
0.057506
0.108387
0.090212
0.107319
0.106287
0.097940
0.000000
0.000019
0.165735
0.000000
0.000000
0.000759
0.000000
0.021363
0.000000
0.000000
0.000000
0.000000
0.000000
0.000000
0.012051
0.000000
0.000000
0.000000
0.000000
0.000000
0.000000
0.000000
0.000000
0.000000
0.000000
0.000000
0.000000
0.000000
0.000000
0.000000
0.000000
0.000000
0.000000
0.000000
0.000000
0.000000
0.000000
0.000000
0.003517
0.000000
0.000000
0.059074
0.000000
0.000000
0.000000
0.000000
0.000000
0.000000
0.000000
0.000000
0.000000
0.000000
0.000000
0.000000
0.040492
0.000000
0.000000
0.000000
0.000000
0.000000
0.000000
0.000000
0.000000
0.031249
0.000000
0.000000
0.000000
0.000000
0.000000
0.000000
0.000000
0.000000
0.000000
0.000000
0.000000
0.000000
0.000000
0.000000
0.000000
0.000000
0.000000
0.000000
0.000000
0.000000
0.000000
0.000000
0.000000
0.071134
0.000000
0.000000
0.000000
0.000000
0.000000
0.000000
0.000000
0.056903
0.000000
0.063030
0.000000
0.000000
0.000000
0.000000
0.000000
0.000000
0.000000
0.000000
0.000000
0.000000
0.000000
0.000000
0.000000
0.086167
0.000000
0.000000
0.000000
0.007657
0.000000
0.000000
0.000000
0.000000
0.000000
0.000000
0.010460
0.000000
0.000000
0.065347
0.000000
0.000000
0.000000
0.000000
0.000000
0.000000
0.007423
0.000000
0.000000
0.000000
0.000000
0.000000
0.000000
0.000000
0.000000
0.000000
0.000000
0.000000
0.000000
0.000000
0.000000
0.350178
0.468517
0.447188
0.480878
0.374456
0.300599
0.445478
0.399650
0.540678
0.429799
0.500443
0.480114
0.376320
0.385421
0.474047
0.385491
0.292729
0.403151
0.418873
0.449241
0.390954
0.247430
0.396561
0.481496
0.437553
0.368277
0.518543
0.459590
0.515540
0.409894
0.359467
0.463630
0.408413
0.446852
0.361267
0.437508
0.380777
0.397753
0.368079
0.448681
0.286736
0.466358
0.418962
0.403737
0.441664
0.443765
0.383619
0.354655
0.286706
0.297786
0.473690
0.392763
0.491993
0.269999
0.323479
0.436082
0.518717
0.515915
0.502442
0.421509
0.555300
0.545955
0.340644
0.403313
0.452500
0.452950
0.421963
0.479314
0.310072
0.368659
0.417880
0.462840
0.454577
0.471371
0.456703
0.251057
0.436060
0.262785
0.348503
0.367894
0.530593
0.209939
0.363523
0.365003
0.249567
0.406263
0.369339
0.377505
0.366743
0.419297
0.412295
0.424598
0.402360
0.435099
0.259364
0.395321
0.333679
0.453348
0.327302
0.506707
0.513188
0.268500
0.441403
0.387266
0.271838
0.303276
0.473798
0.406302
0.437545
0.454880
0.416327
0.466158
0.359795
0.316512
0.309196
0.505420
0.387211
0.414117
0.502356
0.388357
0.361761
0.384595
0.210049
0.241274
0.392861
0.419039
0.381728
0.521292
0.432290
0.416183
0.288838
0.346418
0.360864
0.413544
0.311533
0.469555
0.440415
0.505964
0.427485
0.377772
0.382475
0.297789
0.331579
0.389008
0.000000
0.000000
0.000000
0.000000
0.000000
0.000000
0.000000
0.000000
0.000000
0.000000
0.000000
0.000000
0.000000
0.000000
0.000000
0.000000
0.000000
0.000000
0.000000
0.000000
0.000000
0.000000
0.000000
0.000000
0.000000
0.000000
0.000000
0.000000
0.000000
0.000000
0.000000
0.000000
0.000000
0.000000
0.000000
0.000000
0.000000
0.000000
0.000000
0.000000
0.000000
0.000000
0.000000
0.000000
0.000000
0.000000
0.000000
0.000000
0.000000
0.000000
0.000000
0.000000
0.000000
0.000000
0.000000
0.000000
0.000000
0.000000
0.000000
0.000000
0.000000
0.000000
0.000000
0.000000
0.000000
0.000000
0.000000
0.000000
0.000000
0.000000
0.000000
0.000000
0.000000
0.000000
0.000000
0.000000
0.000000
0.000000
0.000000
0.000000
0.000000
0.000000
0.000000
0.000000
0.000000
0.000000
0.000000
0.000000
0.000000
0.000000
0.000000
0.000000
0.000000
0.000000
0.000000
0.000000
0.000000
0.000000
0.000000
0.000000
0.000000
0.000000
0.000000
0.000000
0.000000
0.000000
0.000000
0.000000
0.000000
0.000000
0.000000
0.000000
0.000000
0.000000
0.000000
0.000000
0.000000
0.000000
0.000000
0.000000
0.000000
0.000000
0.000000
0.000000
0.000000
0.000000
0.000000
0.000000
0.000000
0.000000
0.000000
0.000000
0.000000
0.000000
0.000000
0.000000
0.000000
0.000000
0.000000
0.000000
0.000000
0.000000
0.000000
0.000000
0.259680
0.000000
0.203132
0.157581
0.209614
0.272609
0.026284
0.116796
0.182671
0.248002
0.148575
0.099128
0.097488
0.000000
0.134423
0.128201
0.217518
0.180506
0.123171
0.180588
0.187725
0.019610
0.298188
0.173329
0.036294
0.077835
0.208610
0.220827
0.137190
0.195035
0.200901
0.233307
0.128711
0.034611
0.155058
0.111448
0.098107
0.226612
0.000000
0.210129
0.151347
0.219997
0.278474
0.173085
0.210007
0.201494
0.000000
0.136387
0.015439
0.000000
0.230121
0.196975
0.131607
0.172108
0.099904
0.195402
0.439959
0.160143
0.117401
0.116809
0.121118
0.104282
0.145875
0.332113
0.146739
0.254765
0.086001
0.150923
0.209555
0.184211
0.111902
0.091032
0.220159
0.216352
0.109446
0.288510
0.070226
0.099058
0.076006
0.096599
0.202754
0.001938
0.208308
0.145422
0.239783
0.199166
0.079693
0.096729
0.203352
0.027072
0.075562
0.148366
0.254806
0.117088
0.069998
0.074719
0.175746
0.094996
0.013347
0.118103
0.093114
0.118172
0.135483
0.162849
0.009147
0.056682
0.090415
0.105815
0.258816
0.164842
0.063628
0.133685
0.148733
0.272785
0.176039
0.265192
0.000000
0.046803
0.074096
0.118223
0.249290
0.131326
0.071606
0.146972
0.138966
0.100357
0.093985
0.328493
0.142681
0.081200
0.069483
0.249596
0.159864
0.160734
0.166815
0.078523
0.222968
0.079862
0.176905
0.102306
0.160725
0.227817
0.064708
0.198080
0.000000
0.000000
0.000000
0.092506
0.000000
0.000000
0.000000
0.150096
0.000000
0.000000
0.000000
0.000000
0.113879
0.000000
0.078611
0.000000
0.000000
0.000000
0.030089
0.075596
0.008592
0.000000
0.000000
0.000000
0.000000
0.042893
0.037069
0.000000
0.008470
0.012256
0.000000
0.000000
0.084434
0.000000
0.136514
0.000000
0.000000
0.000000
0.000000
0.104404
0.062290
0.000000
0.118837
0.006507
0.003868
0.026525
0.000000
0.000000
0.092454
0.054003
0.000000
0.000000
0.000000
0.000000
0.000000
0.000000
0.000000
0.000000
0.000000
0.000000
0.034236
0.119138
0.028090
0.085910
0.000000
0.012767
0.000000
0.000508
0.000000
0.000000
0.000000
0.042770
0.000000
0.018932
0.000000
0.000000
0.000000
0.000000
0.000000
0.000000
0.042539
0.014799
0.179549
0.000000
0.000000
0.060678
0.000000
0.000000
0.118682
0.071562
0.095534
0.030588
0.000000
0.000000
0.000000
0.000000
0.038525
0.043124
0.000000
0.000000
0.006250
0.006282
0.138602
0.000000
0.000000
0.000000
0.000000
0.121987
0.109667
0.003359
0.000000
0.086842
0.000000
0.108838
0.000000
0.026773
0.000000
0.132473
0.000000
0.000000
0.000000
0.086333
0.042063
0.000000
0.000000
0.000000
0.044990
0.093350
0.000000
0.000000
0.043810
0.000000
0.058991
0.000000
0.057565
0.000000
0.000000
0.000000
0.010131
0.000000
0.000000
0.000000
0.065572
0.120188
0.450110
0.476710
0.482067
0.511430
0.532411
0.380452
0.446138
0.275327
0.553826
0.539136
0.642288
0.496475
0.477710
0.464831
0.588198
0.482018
0.559670
0.460603
0.416474
0.531745
0.463937
0.643731
0.389621
0.545637
0.532524
0.451203
0.566719
0.504656
0.520075
0.376266
0.474242
0.459096
0.631030
0.339357
0.479417
0.506578
0.447541
0.549204
0.451885
0.533009
0.598837
0.399834
0.431116
0.518478
0.527457
0.582901
0.523239
0.460309
0.553865
0.465469
0.547154
0.416643
0.519044
0.452972
0.464752
0.553951
0.516967
0.528054
0.624483
0.470462
0.349033
0.367990
0.475703
0.521739
0.548735
0.433280
0.374018
0.605951
0.585695
0.492730
0.447945
0.506355
0.482623
0.568602
0.576296
0.411194
0.666551
0.476241
0.549964
0.550788
0.582748
0.474105
0.465864
0.529172
0.526919
0.389842
0.522693
0.481668
0.520782
0.432062
0.385165
0.444111
0.547457
0.512483
0.479640
0.479840
0.637569
0.521337
0.639690
0.382017
0.536430
0.444157
0.456423
0.580562
0.583227
0.573334
0.420011
0.646291
0.553561
0.354831
0.350570
0.495872
0.640580
0.518780
0.507573
0.385138
0.535651
0.280867
0.425996
0.645974
0.478338
0.593498
0.513118
0.406328
0.526404
0.523392
0.575378
0.488248
0.516994
0.394593
0.486194
0.438873
0.490517
0.553567
0.410967
0.421457
0.507513
0.424307
0.468796
0.439527
0.527237
0.373114
0.608548
0.433467
0.089208
0.213361
0.071752
0.175197
0.277431
0.192213
0.174374
0.094409
0.028982
0.142746
0.231983
0.162904
0.166153
0.163073
0.190668
0.232593
0.305832
0.148682
0.086022
0.258258
0.245940
0.154035
0.138203
0.017823
0.253843
0.111053
0.337287
0.157396
0.198159
0.162262
0.252553
0.234711
0.186195
0.220970
0.118741
0.188779
0.263953
0.093000
0.142174
0.352482
0.157879
0.249755
0.175908
0.280207
0.275977
0.078433
0.220439
0.175646
0.328217
0.101420
0.130448
0.193481
0.243001
0.135796
0.080211
0.264256
0.167354
0.246361
0.123011
0.126098
0.151974
0.146564
0.297696
0.141648
0.150456
0.162054
0.106159
0.267585
0.081085
0.178775
0.141286
0.038872
0.278632
0.186061
0.117754
0.161390
0.244639
0.134104
0.223142
0.209008
0.178130
0.252945
0.146907
0.135752
0.156613
0.236598
0.210328
0.106971
0.280711
0.114636
0.080425
0.281437
0.047016
0.059704
0.031920
0.290125
0.269501
0.239749
0.181244
0.077758
0.352277
0.285021
0.289524
0.010168
0.228941
0.095112
0.059509
0.231539
0.186739
0.164117
0.302343
0.118150
0.139207
0.199969
0.148133
0.178093
0.161800
0.132462
0.106919
0.326283
0.225567
0.296720
0.081186
0.123939
0.149400
0.072963
0.235879
0.148470
0.092969
0.240538
0.108628
0.192395
0.171863
0.253094
0.310095
0.209935
0.146931
0.220911
0.211439
0.118765
0.152061
0.180157
0.120740
0.284784
0.231269
0.207961
0.132732
0.183409
0.203100
0.033854
0.101198
0.136037
0.254893
0.146905
0.122739
0.096030
0.312064
0.263328
0.118803
0.204052
0.099468
0.124993
0.112668
0.073810
0.092084
0.049324
0.120611
0.043730
0.134098
0.218302
0.156890
0.094684
0.094425
0.103419
0.013900
0.067459
0.000000
0.157624
0.051118
0.248764
0.136788
0.113015
0.175008
0.167618
0.183312
0.063261
0.126368
0.163495
0.163147
0.158649
0.176527
0.184319
0.020619
0.212440
0.179636
0.083566
0.128470
0.128754
0.219912
0.172341
0.026489
0.130621
0.025207
0.135699
0.148559
0.163652
0.241431
0.190771
0.060292
0.081304
0.177457
0.166525
0.187001
0.185022
0.266063
0.067190
0.122925
0.096620
0.219315
0.099603
0.004628
0.172565
0.164480
0.043986
0.039759
0.157093
0.116096
0.214111
0.086980
0.115172
0.099042
0.111130
0.248649
0.144335
0.123480
0.128830
0.099867
0.140612
0.093316
0.160792
0.159348
0.178147
0.157611
0.212464
0.273611
0.128786
0.140836
0.067734
0.167553
0.000000
0.255468
0.170904
0.092738
0.181464
0.146524
0.173739
0.037857
0.073710
0.021392
0.078020
0.289280
0.121609
0.093997
0.102808
0.111502
0.000000
0.196432
0.065598
0.024946
0.091526
0.123308
0.150216
0.129895
0.098347
0.165772
0.111715
0.141038
0.240574
0.165638
0.058058
0.088489
0.124418
0.000000
0.000000
0.104898
0.189042
0.206317
0.035747
0.000000
0.000000
0.000000
0.000000
0.000000
0.000000
0.000000
0.000000
0.000000
0.000000
0.000000
0.000000
0.000000
0.000000
0.000000
0.000000
0.000000
0.000000
0.000000
0.000000
0.000000
0.000000
0.000000
0.000000
0.000000
0.000000
0.000000
0.000000
0.000000
0.000000
0.000000
0.000000
0.000000
0.000000
0.000000
0.000000
0.000000
0.000000
0.000000
0.000000
0.000000
0.000000
0.000000
0.000000
0.000000
0.000000
0.000000
0.000000
0.000000
0.000000
0.000000
0.000000
0.000000
0.000000
0.000000
0.000000
0.000000
0.000000
0.000000
0.000000
0.000000
0.000000
0.000000
0.000000
0.000000
0.000000
0.000000
0.000000
0.000000
0.000000
0.000000
0.000000
0.000000
0.000000
0.000000
0.000000
0.000000
0.000000
0.000000
0.000000
0.000000
0.000000
0.000000
0.000000
0.000000
0.000000
0.000000
0.000000
0.000000
0.000000
0.000000
0.000000
0.000000
0.000000
0.000000
0.000000
0.000000
0.000000
0.000000
0.000000
0.000000
0.000000
0.000000
0.000000
0.000000
0.000000
0.000000
0.000000
0.000000
0.000000
0.000000
0.000000
0.000000
0.000000
0.000000
0.000000
0.000000
0.000000
0.000000
0.000000
0.000000
0.000000
0.000000
0.000000
0.000000
0.000000
0.000000
0.000000
0.000000
0.000000
0.000000
0.000000
0.000000
0.000000
0.000000
0.000000
0.000000
0.000000
0.015793
0.000000
0.000000
0.000000
0.000000
0.000000
